TITLE = "Cavity Iterative Residual History"
variables="Iteration""Time(s)""Res1""Res2""Res3"
1   2.441406e-05   1.200568e+00   3.172230e+01   3.361447e+01
10   2.441406e-04   7.770125e-01   2.795563e-01   2.957887e-01
20   4.882813e-04   6.901002e-01   1.705154e-01   1.891704e-01
30   7.324219e-04   6.335075e-01   1.292614e-01   1.485607e-01
40   9.765625e-04   5.927555e-01   1.069329e-01   1.263442e-01
50   1.220703e-03   5.604932e-01   9.276139e-02   1.120305e-01
60   1.464844e-03   5.328014e-01   8.290816e-02   1.018919e-01
70   1.708984e-03   5.084791e-01   7.566217e-02   9.425004e-02
80   1.953125e-03   4.874030e-01   7.009552e-02   8.823827e-02
90   2.197266e-03   4.691292e-01   6.567933e-02   8.336317e-02
100   2.441406e-03   4.532501e-01   6.210871e-02   7.932194e-02
110   2.685547e-03   4.394910e-01   5.918058e-02   7.591381e-02
120   2.929687e-03   4.279054e-01   5.675054e-02   7.299684e-02
130   3.173828e-03   4.184492e-01   5.471030e-02   7.046525e-02
140   3.417969e-03   4.108777e-01   5.297398e-02   6.823745e-02
150   3.662109e-03   4.050807e-01   5.147289e-02   6.624881e-02
160   3.906250e-03   4.008296e-01   5.015204e-02   6.444726e-02
170   4.150391e-03   3.977407e-01   4.896743e-02   6.279070e-02
180   4.394531e-03   3.953847e-01   4.788364e-02   6.124514e-02
190   4.638672e-03   3.934525e-01   4.687298e-02   5.978322e-02
200   4.882813e-03   3.913784e-01   4.591406e-02   5.838278e-02
210   5.126953e-03   3.887666e-01   4.499019e-02   5.702589e-02
220   5.371094e-03   3.852761e-01   4.408893e-02   5.569823e-02
230   5.615234e-03   3.805122e-01   4.320082e-02   5.438818e-02
240   5.859375e-03   3.742922e-01   4.231892e-02   5.308633e-02
250   6.103516e-03   3.664256e-01   4.143816e-02   5.178507e-02
260   6.347656e-03   3.568485e-01   4.055492e-02   5.047815e-02
270   6.591797e-03   3.456248e-01   3.966667e-02   4.916042e-02
280   6.835938e-03   3.328557e-01   3.877173e-02   4.782762e-02
290   7.080078e-03   3.187608e-01   3.786900e-02   4.647613e-02
300   7.324219e-03   3.036300e-01   3.695776e-02   4.510290e-02
310   7.568359e-03   2.878402e-01   3.603754e-02   4.370522e-02
320   7.812500e-03   2.828579e-01   3.510786e-02   4.228064e-02
330   8.056641e-03   2.754557e-01   3.416800e-02   4.082674e-02
340   8.300781e-03   2.647991e-01   3.321659e-02   3.934074e-02
350   8.544922e-03   2.510775e-01   3.225229e-02   3.782018e-02
360   8.789063e-03   2.349649e-01   3.127400e-02   3.626326e-02
370   9.033203e-03   2.176021e-01   3.028088e-02   3.466900e-02
380   9.277344e-03   2.004869e-01   2.927246e-02   3.303734e-02
390   9.521484e-03   1.859304e-01   2.824875e-02   3.136935e-02
400   9.765625e-03   1.777593e-01   2.721032e-02   2.966729e-02
410   1.000977e-02   1.796791e-01   2.615838e-02   2.793476e-02
420   1.025391e-02   1.913028e-01   2.509489e-02   2.617672e-02
430   1.049805e-02   2.088726e-01   2.402251e-02   2.439952e-02
440   1.074219e-02   2.296747e-01   2.294471e-02   2.261094e-02
450   1.098633e-02   2.520737e-01   2.186570e-02   2.082006e-02
460   1.123047e-02   2.749748e-01   2.079034e-02   1.903728e-02
470   1.147461e-02   2.976637e-01   1.972398e-02   1.727421e-02
480   1.171875e-02   3.196006e-01   1.867256e-02   1.554370e-02
490   1.196289e-02   3.403923e-01   1.764220e-02   1.385992e-02
500   1.220703e-02   3.597547e-01   1.663906e-02   1.223858e-02
510   1.245117e-02   3.774843e-01   1.566929e-02   1.069758e-02
520   1.269531e-02   3.934389e-01   1.473864e-02   9.257802e-03
530   1.293945e-02   4.075229e-01   1.385218e-02   7.944221e-03
540   1.318359e-02   4.197175e-01   1.301423e-02   6.787988e-03
550   1.342773e-02   4.299100e-01   1.222811e-02   5.829195e-03
560   1.367188e-02   4.380038e-01   1.149586e-02   5.121722e-03
570   1.391602e-02   4.439784e-01   1.081815e-02   4.725824e-03
580   1.416016e-02   4.478608e-01   1.019410e-02   4.655893e-03
590   1.440430e-02   4.497063e-01   9.621533e-03   4.834646e-03
600   1.464844e-02   4.495886e-01   9.097255e-03   5.152255e-03
610   1.489258e-02   4.475970e-01   8.617030e-03   5.530233e-03
620   1.513672e-02   4.438342e-01   8.176125e-03   5.921014e-03
630   1.538086e-02   4.384174e-01   7.769626e-03   6.305402e-03
640   1.562500e-02   4.314778e-01   7.392771e-03   6.671492e-03
650   1.586914e-02   4.231643e-01   7.041104e-03   7.010897e-03
660   1.611328e-02   4.136473e-01   6.710662e-03   7.318264e-03
670   1.635742e-02   4.031436e-01   6.398439e-03   7.590927e-03
680   1.660156e-02   3.917980e-01   6.101340e-03   7.828310e-03
690   1.684570e-02   3.797144e-01   5.817618e-03   8.031274e-03
700   1.708984e-02   3.670074e-01   5.545493e-03   8.201681e-03
710   1.733398e-02   3.537951e-01   5.283747e-03   8.342015e-03
720   1.757813e-02   3.401960e-01   5.031685e-03   8.455047e-03
730   1.782227e-02   3.263374e-01   4.788580e-03   8.543632e-03
740   1.806641e-02   3.123572e-01   4.554219e-03   8.610699e-03
750   1.831055e-02   2.984700e-01   4.327367e-03   8.658977e-03
760   1.855469e-02   2.848209e-01   4.108268e-03   8.691097e-03
770   1.879883e-02   2.715795e-01   3.897429e-03   8.709472e-03
780   1.904297e-02   2.589466e-01   3.695352e-03   8.716329e-03
790   1.928711e-02   2.470136e-01   3.502713e-03   8.713552e-03
800   1.953125e-02   2.358442e-01   3.320251e-03   8.702931e-03
810   1.977539e-02   2.255182e-01   3.148765e-03   8.685935e-03
820   2.001953e-02   2.161018e-01   2.989416e-03   8.663861e-03
830   2.026367e-02   2.076533e-01   2.843656e-03   8.637788e-03
840   2.050781e-02   2.002327e-01   2.713179e-03   8.608667e-03
850   2.075195e-02   1.938822e-01   2.600067e-03   8.577206e-03
860   2.099609e-02   1.886447e-01   2.506734e-03   8.543966e-03
870   2.124023e-02   1.845213e-01   2.435263e-03   8.509436e-03
880   2.148437e-02   1.814887e-01   2.387129e-03   8.473948e-03
890   2.172852e-02   1.794584e-01   2.362362e-03   8.437757e-03
900   2.197266e-02   1.783474e-01   2.358855e-03   8.400997e-03
910   2.221680e-02   1.780674e-01   2.373292e-03   8.363745e-03
920   2.246094e-02   1.784575e-01   2.401775e-03   8.326015e-03
930   2.270508e-02   1.791660e-01   2.440632e-03   8.287783e-03
940   2.294922e-02   1.799226e-01   2.486692e-03   8.248978e-03
950   2.319336e-02   1.805829e-01   2.537459e-03   8.209491e-03
960   2.343750e-02   1.810580e-01   2.591236e-03   8.169191e-03
970   2.368164e-02   1.812939e-01   2.646486e-03   8.127948e-03
980   2.392578e-02   1.812560e-01   2.702103e-03   8.085592e-03
990   2.416992e-02   1.809254e-01   2.757276e-03   8.041968e-03
1000   2.441406e-02   1.802993e-01   2.811393e-03   7.996957e-03
1010   2.465820e-02   1.793767e-01   2.863965e-03   7.950382e-03
1020   2.490234e-02   1.781664e-01   2.914554e-03   7.902095e-03
1030   2.514648e-02   1.766781e-01   2.962859e-03   7.851932e-03
1040   2.539062e-02   1.749264e-01   3.008595e-03   7.799779e-03
1050   2.563477e-02   1.729262e-01   3.051579e-03   7.745544e-03
1060   2.587891e-02   1.706957e-01   3.091630e-03   7.689099e-03
1070   2.612305e-02   1.682514e-01   3.128620e-03   7.630340e-03
1080   2.636719e-02   1.656128e-01   3.162476e-03   7.569188e-03
1090   2.661133e-02   1.627981e-01   3.193112e-03   7.505613e-03
1100   2.685547e-02   1.598242e-01   3.220501e-03   7.439531e-03
1110   2.709961e-02   1.567111e-01   3.244597e-03   7.370898e-03
1120   2.734375e-02   1.534765e-01   3.265394e-03   7.299721e-03
1130   2.758789e-02   1.501352e-01   3.282907e-03   7.225978e-03
1140   2.783203e-02   1.467040e-01   3.297158e-03   7.149650e-03
1150   2.807617e-02   1.432006e-01   3.308163e-03   7.070784e-03
1160   2.832031e-02   1.396384e-01   3.315982e-03   6.989389e-03
1170   2.856445e-02   1.360318e-01   3.320648e-03   6.905494e-03
1180   2.880859e-02   1.323934e-01   3.322227e-03   6.819172e-03
1190   2.905273e-02   1.287363e-01   3.320802e-03   6.730458e-03
1200   2.929687e-02   1.250728e-01   3.316410e-03   6.639427e-03
1210   2.954102e-02   1.214159e-01   3.309145e-03   6.546158e-03
1220   2.978516e-02   1.177810e-01   3.299106e-03   6.450720e-03
1230   3.002930e-02   1.141729e-01   3.286370e-03   6.353221e-03
1240   3.027344e-02   1.105976e-01   3.271033e-03   6.253737e-03
1250   3.051758e-02   1.070606e-01   3.253203e-03   6.152381e-03
1260   3.076172e-02   1.035677e-01   3.232942e-03   6.049251e-03
1270   3.100586e-02   1.001247e-01   3.210357e-03   5.944459e-03
1280   3.125000e-02   9.673787e-02   3.185572e-03   5.838118e-03
1290   3.149414e-02   9.341023e-02   3.158680e-03   5.730341e-03
1300   3.173828e-02   9.014726e-02   3.129771e-03   5.621249e-03
1310   3.198242e-02   8.695276e-02   3.098971e-03   5.510960e-03
1320   3.222656e-02   8.383077e-02   3.066389e-03   5.399594e-03
1330   3.247070e-02   8.078376e-02   3.032107e-03   5.287275e-03
1340   3.271484e-02   7.781570e-02   2.996233e-03   5.174122e-03
1350   3.295898e-02   7.493205e-02   2.958894e-03   5.060262e-03
1360   3.320312e-02   7.213401e-02   2.920182e-03   4.945810e-03
1370   3.344727e-02   6.942754e-02   2.880204e-03   4.830894e-03
1380   3.369141e-02   6.681220e-02   2.839050e-03   4.715631e-03
1390   3.393555e-02   6.429339e-02   2.796825e-03   4.600139e-03
1400   3.417969e-02   6.186969e-02   2.753640e-03   4.484538e-03
1410   3.442383e-02   5.954466e-02   2.709586e-03   4.368941e-03
1420   3.466797e-02   5.731991e-02   2.664769e-03   4.253465e-03
1430   3.491211e-02   5.519533e-02   2.619270e-03   4.138221e-03
1440   3.515625e-02   5.317228e-02   2.573171e-03   4.023316e-03
1450   3.540039e-02   5.125526e-02   2.526588e-03   3.908862e-03
1460   3.564453e-02   4.944585e-02   2.479592e-03   3.794963e-03
1470   3.588867e-02   4.774626e-02   2.432264e-03   3.681721e-03
1480   3.613281e-02   4.615815e-02   2.384709e-03   3.569238e-03
1490   3.637695e-02   4.468865e-02   2.336985e-03   3.457611e-03
1500   3.662109e-02   4.334172e-02   2.289172e-03   3.346937e-03
1510   3.686523e-02   4.211539e-02   2.241355e-03   3.237310e-03
1520   3.710937e-02   4.101407e-02   2.193586e-03   3.128821e-03
1530   3.735352e-02   4.004208e-02   2.145933e-03   3.021560e-03
1540   3.759766e-02   3.920471e-02   2.098462e-03   2.915614e-03
1550   3.784180e-02   3.850132e-02   2.051241e-03   2.811069e-03
1560   3.808594e-02   3.791091e-02   2.004310e-03   2.708009e-03
1570   3.833008e-02   3.741336e-02   1.957721e-03   2.606515e-03
1580   3.857422e-02   3.699408e-02   1.911526e-03   2.506671e-03
1590   3.881836e-02   3.663982e-02   1.865778e-03   2.408554e-03
1600   3.906250e-02   3.633511e-02   1.820501e-03   2.312245e-03
1610   3.930664e-02   3.607379e-02   1.775738e-03   2.217821e-03
1620   3.955078e-02   3.584365e-02   1.731524e-03   2.125361e-03
1630   3.979492e-02   3.563709e-02   1.687896e-03   2.034943e-03
1640   4.003906e-02   3.544796e-02   1.644866e-03   1.946643e-03
1650   4.028320e-02   3.527411e-02   1.602470e-03   1.860540e-03
1660   4.052734e-02   3.510713e-02   1.560740e-03   1.776711e-03
1670   4.077148e-02   3.494628e-02   1.519687e-03   1.695234e-03
1680   4.101562e-02   3.479002e-02   1.479330e-03   1.616197e-03
1690   4.125977e-02   3.463036e-02   1.439689e-03   1.539696e-03
1700   4.150391e-02   3.446942e-02   1.400790e-03   1.465837e-03
1710   4.174805e-02   3.430592e-02   1.362631e-03   1.394741e-03
1720   4.199219e-02   3.413610e-02   1.325236e-03   1.326512e-03
1730   4.223633e-02   3.396044e-02   1.288628e-03   1.261271e-03
1740   4.248047e-02   3.377834e-02   1.252816e-03   1.199121e-03
1750   4.272461e-02   3.358757e-02   1.217810e-03   1.140083e-03
1760   4.296875e-02   3.338869e-02   1.183629e-03   1.084150e-03
1770   4.321289e-02   3.318277e-02   1.150293e-03   1.031293e-03
1780   4.345703e-02   3.296722e-02   1.117812e-03   9.814789e-04
1790   4.370117e-02   3.274121e-02   1.086195e-03   9.346498e-04
1800   4.394531e-02   3.250555e-02   1.055467e-03   8.907567e-04
1810   4.418945e-02   3.226021e-02   1.025647e-03   8.497607e-04
1820   4.443359e-02   3.200599e-02   9.967578e-04   8.116467e-04
1830   4.467773e-02   3.174244e-02   9.688117e-04   7.764733e-04
1840   4.492187e-02   3.146900e-02   9.418363e-04   7.444175e-04
1850   4.516602e-02   3.118682e-02   9.158494e-04   7.158198e-04
1860   4.541016e-02   3.089441e-02   8.908806e-04   6.914906e-04
1870   4.565430e-02   3.059349e-02   8.669635e-04   6.719413e-04
1880   4.589844e-02   3.028379e-02   8.441412e-04   6.572748e-04
1890   4.614258e-02   2.996710e-02   8.225011e-04   6.477567e-04
1900   4.638672e-02   2.964277e-02   8.018631e-04   6.434558e-04
1910   4.663086e-02   2.931069e-02   7.821456e-04   6.441298e-04
1920   4.687500e-02   2.897248e-02   7.632901e-04   6.493284e-04
1930   4.711914e-02   2.862674e-02   7.452509e-04   6.582657e-04
1940   4.736328e-02   2.827503e-02   7.280043e-04   6.701275e-04
1950   4.760742e-02   2.791801e-02   7.115200e-04   6.841857e-04
1960   4.785156e-02   2.755577e-02   6.957660e-04   6.996984e-04
1970   4.809570e-02   2.718981e-02   6.807280e-04   7.161941e-04
1980   4.833984e-02   2.681933e-02   6.663784e-04   7.331750e-04
1990   4.858398e-02   2.644616e-02   6.527063e-04   7.503832e-04
2000   4.882812e-02   2.606983e-02   6.396930e-04   7.674940e-04
2010   4.907227e-02   2.569054e-02   6.273296e-04   7.843665e-04
2020   4.931641e-02   2.531063e-02   6.156028e-04   8.008025e-04
2030   4.956055e-02   2.492934e-02   6.044987e-04   8.167302e-04
2040   4.980469e-02   2.454723e-02   5.940131e-04   8.320192e-04
2050   5.004883e-02   2.416633e-02   5.841340e-04   8.466401e-04
2060   5.029297e-02   2.378549e-02   5.748466e-04   8.605000e-04
2070   5.053711e-02   2.340595e-02   5.661554e-04   8.735899e-04
2080   5.078125e-02   2.302861e-02   5.580452e-04   8.858487e-04
2090   5.102539e-02   2.265291e-02   5.505099e-04   8.972819e-04
2100   5.126953e-02   2.227998e-02   5.435394e-04   9.078635e-04
2110   5.151367e-02   2.191077e-02   5.371267e-04   9.175811e-04
2120   5.175781e-02   2.154476e-02   5.312752e-04   9.264385e-04
2130   5.200195e-02   2.118369e-02   5.260068e-04   9.344306e-04
2140   5.224609e-02   2.082782e-02   5.212696e-04   9.415687e-04
2150   5.249023e-02   2.047652e-02   5.170010e-04   9.478418e-04
2160   5.273437e-02   2.013040e-02   5.131538e-04   9.532786e-04
2170   5.297852e-02   1.979071e-02   5.096857e-04   9.578785e-04
2180   5.322266e-02   1.945694e-02   5.065400e-04   9.616525e-04
2190   5.346680e-02   1.912899e-02   5.036899e-04   9.646292e-04
2200   5.371094e-02   1.880750e-02   5.010764e-04   9.668061e-04
2210   5.395508e-02   1.849180e-02   4.986723e-04   9.682058e-04
2220   5.419922e-02   1.818234e-02   4.964281e-04   9.688549e-04
2230   5.444336e-02   1.787904e-02   4.943213e-04   9.687541e-04
2240   5.468750e-02   1.758218e-02   4.923064e-04   9.679405e-04
2250   5.493164e-02   1.729132e-02   4.903593e-04   9.664223e-04
2260   5.517578e-02   1.700544e-02   4.884675e-04   9.642244e-04
2270   5.541992e-02   1.672568e-02   4.865775e-04   9.613631e-04
2280   5.566406e-02   1.645226e-02   4.847011e-04   9.578646e-04
2290   5.590820e-02   1.618372e-02   4.827938e-04   9.537439e-04
2300   5.615234e-02   1.591992e-02   4.808538e-04   9.490256e-04
2310   5.639648e-02   1.566026e-02   4.788671e-04   9.437327e-04
2320   5.664062e-02   1.540616e-02   4.768133e-04   9.378798e-04
2330   5.688477e-02   1.515769e-02   4.746885e-04   9.314916e-04
2340   5.712891e-02   1.491379e-02   4.724880e-04   9.245925e-04
2350   5.737305e-02   1.467509e-02   4.701911e-04   9.171986e-04
2360   5.761719e-02   1.444103e-02   4.678089e-04   9.093320e-04
2370   5.786133e-02   1.421109e-02   4.653232e-04   9.010130e-04
2380   5.810547e-02   1.398600e-02   4.627336e-04   8.922682e-04
2390   5.834961e-02   1.376443e-02   4.600431e-04   8.831068e-04
2400   5.859375e-02   1.354520e-02   4.572418e-04   8.735594e-04
2410   5.883789e-02   1.332811e-02   4.543306e-04   8.636388e-04
2420   5.908203e-02   1.311332e-02   4.513171e-04   8.533708e-04
2430   5.932617e-02   1.290006e-02   4.481847e-04   8.427689e-04
2440   5.957031e-02   1.268879e-02   4.449432e-04   8.318534e-04
2450   5.981445e-02   1.247876e-02   4.415984e-04   8.206477e-04
2460   6.005859e-02   1.227011e-02   4.381402e-04   8.091644e-04
2470   6.030273e-02   1.206243e-02   4.345731e-04   7.974263e-04
2480   6.054687e-02   1.185545e-02   4.309067e-04   7.854480e-04
2490   6.079102e-02   1.164912e-02   4.271325e-04   7.732474e-04
2500   6.103516e-02   1.144436e-02   4.232532e-04   7.608456e-04
2510   6.127930e-02   1.124081e-02   4.192797e-04   7.482528e-04
2520   6.152344e-02   1.103968e-02   4.152070e-04   7.354906e-04
2530   6.176758e-02   1.084054e-02   4.110350e-04   7.225728e-04
2540   6.201172e-02   1.064246e-02   4.067763e-04   7.095152e-04
2550   6.225586e-02   1.044563e-02   4.024264e-04   6.963364e-04
2560   6.250000e-02   1.024998e-02   3.979871e-04   6.830455e-04
2570   6.274414e-02   1.005481e-02   3.934680e-04   6.696615e-04
2580   6.298828e-02   9.860160e-03   3.888702e-04   6.561986e-04
2590   6.323242e-02   9.666006e-03   3.841957e-04   6.426694e-04
2600   6.347656e-02   9.472538e-03   3.794444e-04   6.290884e-04
2610   6.372070e-02   9.280003e-03   3.746267e-04   6.154683e-04
2620   6.396484e-02   9.087935e-03   3.697441e-04   6.018201e-04
2630   6.420898e-02   8.896426e-03   3.647986e-04   5.881611e-04
2640   6.445312e-02   8.705518e-03   3.597925e-04   5.745004e-04
2650   6.469727e-02   8.515334e-03   3.547344e-04   5.608493e-04
2660   6.494141e-02   8.325994e-03   3.496257e-04   5.472207e-04
2670   6.518555e-02   8.137729e-03   3.444703e-04   5.336261e-04
2680   6.542969e-02   7.950650e-03   3.392695e-04   5.200745e-04
2690   6.567383e-02   7.764776e-03   3.340315e-04   5.065800e-04
2700   6.591797e-02   7.580401e-03   3.287578e-04   4.931496e-04
2710   6.616211e-02   7.397981e-03   3.234541e-04   4.797942e-04
2720   6.640625e-02   7.217314e-03   3.181214e-04   4.665234e-04
2730   6.665039e-02   7.038765e-03   3.127646e-04   4.533482e-04
2740   6.689453e-02   6.862635e-03   3.073896e-04   4.402763e-04
2750   6.713867e-02   6.689306e-03   3.019985e-04   4.273164e-04
2760   6.738281e-02   6.519155e-03   2.965966e-04   4.144783e-04
2770   6.762695e-02   6.352705e-03   2.911852e-04   4.017693e-04
2780   6.787109e-02   6.190605e-03   2.857694e-04   3.891977e-04
2790   6.811523e-02   6.033428e-03   2.803544e-04   3.767717e-04
2800   6.835937e-02   5.881757e-03   2.749433e-04   3.645006e-04
2810   6.860352e-02   5.736395e-03   2.695386e-04   3.523900e-04
2820   6.884766e-02   5.598437e-03   2.641456e-04   3.404473e-04
2830   6.909180e-02   5.468775e-03   2.587655e-04   3.286810e-04
2840   6.933594e-02   5.348410e-03   2.534039e-04   3.170972e-04
2850   6.958008e-02   5.238501e-03   2.480646e-04   3.057031e-04
2860   6.982422e-02   5.139498e-03   2.427508e-04   2.945059e-04
2870   7.006836e-02   5.049879e-03   2.374648e-04   2.835128e-04
2880   7.031250e-02   4.968868e-03   2.322122e-04   2.727301e-04
2890   7.055664e-02   4.895469e-03   2.269957e-04   2.621638e-04
2900   7.080078e-02   4.828653e-03   2.218198e-04   2.518203e-04
2910   7.104492e-02   4.767691e-03   2.166896e-04   2.417081e-04
2920   7.128906e-02   4.711564e-03   2.116104e-04   2.318327e-04
2930   7.153320e-02   4.659878e-03   2.065877e-04   2.222006e-04
2940   7.177734e-02   4.611692e-03   2.016227e-04   2.128193e-04
2950   7.202148e-02   4.565906e-03   1.967167e-04   2.036949e-04
2960   7.226562e-02   4.522121e-03   1.918710e-04   1.948359e-04
2970   7.250977e-02   4.479782e-03   1.870864e-04   1.862508e-04
2980   7.275391e-02   4.438416e-03   1.823643e-04   1.779494e-04
2990   7.299805e-02   4.397953e-03   1.777069e-04   1.699424e-04
3000   7.324219e-02   4.358078e-03   1.731154e-04   1.622428e-04
3010   7.348633e-02   4.318499e-03   1.685899e-04   1.548625e-04
3020   7.373047e-02   4.279172e-03   1.641318e-04   1.478021e-04
3030   7.397461e-02   4.240032e-03   1.597425e-04   1.410617e-04
3040   7.421875e-02   4.200860e-03   1.554231e-04   1.346422e-04
3050   7.446289e-02   4.161707e-03   1.511750e-04   1.285404e-04
3060   7.470703e-02   4.122509e-03   1.469991e-04   1.227532e-04
3070   7.495117e-02   4.083145e-03   1.428965e-04   1.172772e-04
3080   7.519531e-02   4.043297e-03   1.388692e-04   1.121085e-04
3090   7.543945e-02   4.003146e-03   1.349187e-04   1.072448e-04
3100   7.568359e-02   3.962472e-03   1.310471e-04   1.026909e-04
3110   7.592773e-02   3.921328e-03   1.272560e-04   9.845493e-05
3120   7.617188e-02   3.879683e-03   1.235469e-04   9.455498e-05
3130   7.641602e-02   3.837557e-03   1.199218e-04   9.102495e-05
3140   7.666016e-02   3.794949e-03   1.163838e-04   8.792598e-05
3150   7.690430e-02   3.751962e-03   1.129356e-04   8.532903e-05
3160   7.714844e-02   3.708505e-03   1.095799e-04   8.323500e-05
3170   7.739258e-02   3.664689e-03   1.063205e-04   8.165876e-05
3180   7.763672e-02   3.620551e-03   1.031618e-04   8.061005e-05
3190   7.788086e-02   3.576132e-03   1.001116e-04   8.007881e-05
3200   7.812500e-02   3.531426e-03   9.716495e-05   8.003674e-05
3210   7.836914e-02   3.486503e-03   9.431855e-05   8.043031e-05
3220   7.861328e-02   3.441365e-03   9.157117e-05   8.119763e-05
3230   7.885742e-02   3.396133e-03   8.892221e-05   8.226558e-05
3240   7.910156e-02   3.350775e-03   8.637124e-05   8.356439e-05
3250   7.934570e-02   3.305364e-03   8.391731e-05   8.503539e-05
3260   7.958984e-02   3.259974e-03   8.155978e-05   8.662374e-05
3270   7.983398e-02   3.214661e-03   7.929845e-05   8.829200e-05
3280   8.007813e-02   3.169480e-03   7.713255e-05   8.999785e-05
3290   8.032227e-02   3.124365e-03   7.506201e-05   9.172125e-05
3300   8.056641e-02   3.079394e-03   7.308633e-05   9.343387e-05
3310   8.081055e-02   3.034559e-03   7.120506e-05   9.512287e-05
3320   8.105469e-02   2.989978e-03   6.941745e-05   9.677198e-05
3330   8.129883e-02   2.945632e-03   6.772386e-05   9.836834e-05
3340   8.154297e-02   2.901588e-03   6.612369e-05   9.990672e-05
3350   8.178711e-02   2.857794e-03   6.461607e-05   1.013757e-04
3360   8.203125e-02   2.814495e-03   6.320196e-05   1.027728e-04
3370   8.227539e-02   2.771460e-03   6.187967e-05   1.040925e-04
3380   8.251953e-02   2.729071e-03   6.064992e-05   1.053298e-04
3390   8.276367e-02   2.686950e-03   5.951145e-05   1.064838e-04
3400   8.300781e-02   2.645555e-03   5.846394e-05   1.075522e-04
3410   8.325195e-02   2.604538e-03   5.750683e-05   1.085338e-04
3420   8.349609e-02   2.564116e-03   5.663868e-05   1.094270e-04
3430   8.374023e-02   2.524298e-03   5.585816e-05   1.102311e-04
3440   8.398438e-02   2.484973e-03   5.516327e-05   1.109476e-04
3450   8.422852e-02   2.446302e-03   5.455281e-05   1.115749e-04
3460   8.447266e-02   2.408234e-03   5.402456e-05   1.121141e-04
3470   8.471680e-02   2.370621e-03   5.357982e-05   1.125671e-04
3480   8.496094e-02   2.333764e-03   5.321582e-05   1.129328e-04
3490   8.520508e-02   2.297365e-03   5.291892e-05   1.132138e-04
3500   8.544922e-02   2.261600e-03   5.267973e-05   1.134115e-04
3510   8.569336e-02   2.226524e-03   5.248800e-05   1.135259e-04
3520   8.593750e-02   2.191924e-03   5.233692e-05   1.135605e-04
3530   8.618164e-02   2.157911e-03   5.221725e-05   1.135154e-04
3540   8.642578e-02   2.124493e-03   5.212474e-05   1.133930e-04
3550   8.666992e-02   2.091452e-03   5.204971e-05   1.131952e-04
3560   8.691406e-02   2.058718e-03   5.198821e-05   1.129232e-04
3570   8.715820e-02   2.026492e-03   5.193557e-05   1.125800e-04
3580   8.740234e-02   1.994635e-03   5.188629e-05   1.121665e-04
3590   8.764648e-02   1.963031e-03   5.183774e-05   1.116860e-04
3600   8.789063e-02   1.931760e-03   5.178560e-05   1.111395e-04
3610   8.813477e-02   1.900706e-03   5.172840e-05   1.105295e-04
3620   8.837891e-02   1.869934e-03   5.166246e-05   1.098581e-04
3630   8.862305e-02   1.839572e-03   5.158635e-05   1.091271e-04
3640   8.886719e-02   1.809542e-03   5.149886e-05   1.083396e-04
3650   8.911133e-02   1.779855e-03   5.139701e-05   1.074967e-04
3660   8.935547e-02   1.750422e-03   5.128223e-05   1.066013e-04
3670   8.959961e-02   1.721226e-03   5.115110e-05   1.056547e-04
3680   8.984375e-02   1.692229e-03   5.100455e-05   1.046601e-04
3690   9.008789e-02   1.663421e-03   5.084147e-05   1.036188e-04
3700   9.033203e-02   1.634786e-03   5.066082e-05   1.025337e-04
3710   9.057617e-02   1.606303e-03   5.046365e-05   1.014058e-04
3720   9.082031e-02   1.577974e-03   5.024855e-05   1.002384e-04
3730   9.106445e-02   1.549776e-03   5.001552e-05   9.903283e-05
3740   9.130859e-02   1.521710e-03   4.976581e-05   9.779156e-05
3750   9.155273e-02   1.493781e-03   4.949811e-05   9.651606e-05
3760   9.179688e-02   1.465976e-03   4.921306e-05   9.520900e-05
3770   9.204102e-02   1.438318e-03   4.891116e-05   9.387195e-05
3780   9.228516e-02   1.410795e-03   4.859196e-05   9.250695e-05
3790   9.252930e-02   1.383424e-03   4.825623e-05   9.111608e-05
3800   9.277344e-02   1.356219e-03   4.790425e-05   8.970099e-05
3810   9.301758e-02   1.329161e-03   4.753576e-05   8.826381e-05
3820   9.326172e-02   1.302319e-03   4.715181e-05   8.680602e-05
3830   9.350586e-02   1.275767e-03   4.675283e-05   8.532992e-05
3840   9.375000e-02   1.249601e-03   4.633856e-05   8.383671e-05
3850   9.399414e-02   1.223739e-03   4.590989e-05   8.232870e-05
3860   9.423828e-02   1.198125e-03   4.546753e-05   8.080710e-05
3870   9.448242e-02   1.172741e-03   4.501134e-05   7.927380e-05
3880   9.472656e-02   1.147579e-03   4.454216e-05   7.773051e-05
3890   9.497070e-02   1.122648e-03   4.406076e-05   7.617851e-05
3900   9.521484e-02   1.097919e-03   4.356725e-05   7.461976e-05
3910   9.545898e-02   1.073410e-03   4.306236e-05   7.305542e-05
3920   9.570313e-02   1.049126e-03   4.254669e-05   7.148723e-05
3930   9.594727e-02   1.025052e-03   4.202057e-05   6.991646e-05
3940   9.619141e-02   1.001205e-03   4.148485e-05   6.834460e-05
3950   9.643555e-02   9.775993e-04   4.093983e-05   6.677303e-05
3960   9.667969e-02   9.542322e-04   4.038630e-05   6.520301e-05
3970   9.692383e-02   9.311154e-04   3.982463e-05   6.363598e-05
3980   9.716797e-02   9.082526e-04   3.925570e-05   6.207303e-05
3990   9.741211e-02   8.856762e-04   3.867991e-05   6.051553e-05
4000   9.765625e-02   8.633947e-04   3.809771e-05   5.896461e-05
4010   9.790039e-02   8.414013e-04   3.750999e-05   5.742141e-05
4020   9.814453e-02   8.197412e-04   3.691713e-05   5.588716e-05
4030   9.838867e-02   7.984170e-04   3.631981e-05   5.436282e-05
4040   9.863281e-02   7.774502e-04   3.571860e-05   5.284955e-05
4050   9.887695e-02   7.569205e-04   3.511402e-05   5.134835e-05
4060   9.912109e-02   7.368614e-04   3.450680e-05   4.986019e-05
4070   9.936523e-02   7.173233e-04   3.389742e-05   4.838610e-05
4080   9.960938e-02   6.983391e-04   3.328642e-05   4.692698e-05
4090   9.985352e-02   6.799864e-04   3.267439e-05   4.548375e-05
4100   1.000977e-01   6.623100e-04   3.206197e-05   4.405734e-05
4110   1.003418e-01   6.454192e-04   3.144956e-05   4.264856e-05
4120   1.005859e-01   6.294041e-04   3.083787e-05   4.125829e-05
4130   1.008301e-01   6.143417e-04   3.022725e-05   3.988735e-05
4140   1.010742e-01   6.003740e-04   2.961830e-05   3.853653e-05
4150   1.013184e-01   5.876285e-04   2.901156e-05   3.720662e-05
4160   1.015625e-01   5.762686e-04   2.840750e-05   3.589840e-05
4170   1.018066e-01   5.661846e-04   2.780658e-05   3.461259e-05
4180   1.020508e-01   5.572428e-04   2.720931e-05   3.334997e-05
4190   1.022949e-01   5.493307e-04   2.661610e-05   3.211127e-05
4200   1.025391e-01   5.423039e-04   2.602729e-05   3.089715e-05
4210   1.027832e-01   5.360544e-04   2.544328e-05   2.970834e-05
4220   1.030273e-01   5.304734e-04   2.486448e-05   2.854553e-05
4230   1.032715e-01   5.253899e-04   2.429118e-05   2.740942e-05
4240   1.035156e-01   5.207104e-04   2.372369e-05   2.630073e-05
4250   1.037598e-01   5.163062e-04   2.316230e-05   2.522013e-05
4260   1.040039e-01   5.121316e-04   2.260733e-05   2.416831e-05
4270   1.042480e-01   5.081483e-04   2.205902e-05   2.314600e-05
4280   1.044922e-01   5.042612e-04   2.151764e-05   2.215405e-05
4290   1.047363e-01   5.004323e-04   2.098338e-05   2.119345e-05
4300   1.049805e-01   4.966622e-04   2.045645e-05   2.026531e-05
4310   1.052246e-01   4.929016e-04   1.993708e-05   1.937089e-05
4320   1.054688e-01   4.891266e-04   1.942553e-05   1.851142e-05
4330   1.057129e-01   4.853192e-04   1.892197e-05   1.768845e-05
4340   1.059570e-01   4.814986e-04   1.842662e-05   1.690200e-05
4350   1.062012e-01   4.776230e-04   1.793972e-05   1.615174e-05
4360   1.064453e-01   4.736867e-04   1.746141e-05   1.543738e-05
4370   1.066895e-01   4.696828e-04   1.699192e-05   1.475838e-05
4380   1.069336e-01   4.656023e-04   1.653156e-05   1.411423e-05
4390   1.071777e-01   4.614590e-04   1.608045e-05   1.350421e-05
4400   1.074219e-01   4.572599e-04   1.563894e-05   1.292785e-05
4410   1.076660e-01   4.529706e-04   1.520724e-05   1.238453e-05
4420   1.079102e-01   4.485976e-04   1.478561e-05   1.187409e-05
4430   1.081543e-01   4.441363e-04   1.437431e-05   1.139691e-05
4440   1.083984e-01   4.396221e-04   1.397368e-05   1.095389e-05
4450   1.086426e-01   4.350263e-04   1.358398e-05   1.054766e-05
4460   1.088867e-01   4.303698e-04   1.320555e-05   1.018238e-05
4470   1.091309e-01   4.256340e-04   1.283880e-05   9.867191e-06
4480   1.093750e-01   4.208197e-04   1.248404e-05   9.603923e-06
4490   1.096191e-01   4.159428e-04   1.214209e-05   9.393261e-06
4500   1.098633e-01   4.110174e-04   1.181321e-05   9.236875e-06
4510   1.101074e-01   4.060431e-04   1.149635e-05   9.134742e-06
4520   1.103516e-01   4.010077e-04   1.119112e-05   9.086021e-06
4530   1.105957e-01   3.959276e-04   1.089722e-05   9.086403e-06
4540   1.108398e-01   3.908101e-04   1.061450e-05   9.131443e-06
4550   1.110840e-01   3.856634e-04   1.034280e-05   9.213020e-06
4560   1.113281e-01   3.804879e-04   1.008197e-05   9.324916e-06
4570   1.115723e-01   3.752776e-04   9.831886e-06   9.459559e-06
4580   1.118164e-01   3.700559e-04   9.592366e-06   9.611457e-06
4590   1.120605e-01   3.648138e-04   9.363293e-06   9.774336e-06
4600   1.123047e-01   3.595758e-04   9.144641e-06   9.944896e-06
4610   1.125488e-01   3.543310e-04   8.936254e-06   1.011861e-05
4620   1.127930e-01   3.491144e-04   8.738010e-06   1.029364e-05
4630   1.130371e-01   3.439059e-04   8.549781e-06   1.046667e-05
4640   1.132813e-01   3.387258e-04   8.371635e-06   1.063687e-05
4650   1.135254e-01   3.335586e-04   8.203304e-06   1.080191e-05
4660   1.137695e-01   3.284383e-04   8.044882e-06   1.096122e-05
4670   1.140137e-01   3.233408e-04   7.896113e-06   1.111346e-05
4680   1.142578e-01   3.182927e-04   7.757127e-06   1.125834e-05
4690   1.145020e-01   3.133034e-04   7.627634e-06   1.139494e-05
4700   1.147461e-01   3.083567e-04   7.507729e-06   1.152283e-05
4710   1.149902e-01   3.034802e-04   7.397183e-06   1.164189e-05
4720   1.152344e-01   2.986495e-04   7.295971e-06   1.175168e-05
4730   1.154785e-01   2.938999e-04   7.203907e-06   1.185214e-05
4740   1.157227e-01   2.892172e-04   7.121144e-06   1.194297e-05
4750   1.159668e-01   2.845861e-04   7.047640e-06   1.202435e-05
4760   1.162109e-01   2.800419e-04   6.983523e-06   1.209614e-05
4770   1.164551e-01   2.755588e-04   6.927354e-06   1.215823e-05
4780   1.166992e-01   2.711382e-04   6.878567e-06   1.221090e-05
4790   1.169434e-01   2.668014e-04   6.836110e-06   1.225406e-05
4800   1.171875e-01   2.625230e-04   6.799341e-06   1.228781e-05
4810   1.174316e-01   2.583049e-04   6.767527e-06   1.231248e-05
4820   1.176758e-01   2.541664e-04   6.739812e-06   1.232795e-05
4830   1.179199e-01   2.500827e-04   6.715641e-06   1.233452e-05
4840   1.181641e-01   2.460533e-04   6.694152e-06   1.233237e-05
4850   1.184082e-01   2.420915e-04   6.675068e-06   1.232156e-05
4860   1.186523e-01   2.381932e-04   6.657426e-06   1.230248e-05
4870   1.188965e-01   2.343383e-04   6.641098e-06   1.227512e-05
4880   1.191406e-01   2.305384e-04   6.625435e-06   1.223986e-05
4890   1.193848e-01   2.267874e-04   6.609935e-06   1.219685e-05
4900   1.196289e-01   2.230862e-04   6.594535e-06   1.214627e-05
4910   1.198730e-01   2.194237e-04   6.578615e-06   1.208843e-05
4920   1.201172e-01   2.158049e-04   6.562087e-06   1.202344e-05
4930   1.203613e-01   2.122214e-04   6.544687e-06   1.195167e-05
4940   1.206055e-01   2.086822e-04   6.526098e-06   1.187325e-05
4950   1.208496e-01   2.051905e-04   6.506352e-06   1.178852e-05
4960   1.210938e-01   2.017382e-04   6.485120e-06   1.169757e-05
4970   1.213379e-01   1.983317e-04   6.462297e-06   1.160079e-05
4980   1.215820e-01   1.949777e-04   6.437974e-06   1.149829e-05
4990   1.218262e-01   1.916677e-04   6.411794e-06   1.139041e-05
5000   1.220703e-01   1.884007e-04   6.383874e-06   1.127729e-05
5010   1.223145e-01   1.851740e-04   6.354180e-06   1.115928e-05
5020   1.225586e-01   1.819868e-04   6.322515e-06   1.103648e-05
5030   1.228027e-01   1.788306e-04   6.289042e-06   1.090922e-05
5040   1.230469e-01   1.756988e-04   6.253595e-06   1.077769e-05
5050   1.232910e-01   1.725882e-04   6.216220e-06   1.064215e-05
5060   1.235352e-01   1.695065e-04   6.177019e-06   1.050277e-05
5070   1.237793e-01   1.664457e-04   6.135863e-06   1.035980e-05
5080   1.240234e-01   1.634029e-04   6.092771e-06   1.021350e-05
5090   1.242676e-01   1.603774e-04   6.047921e-06   1.006400e-05
5100   1.245117e-01   1.573683e-04   6.001185e-06   9.911609e-06
5110   1.247559e-01   1.543828e-04   5.952598e-06   9.756468e-06
5120   1.250000e-01   1.514218e-04   5.902343e-06   9.598834e-06
5130   1.252441e-01   1.484827e-04   5.850317e-06   9.438870e-06
5140   1.254883e-01   1.455813e-04   5.796563e-06   9.276777e-06
5150   1.257324e-01   1.427266e-04   5.741246e-06   9.112801e-06
5160   1.259766e-01   1.399060e-04   5.684321e-06   8.947066e-06
5170   1.262207e-01   1.371118e-04   5.625818e-06   8.779818e-06
5180   1.264648e-01   1.343376e-04   5.565861e-06   8.611213e-06
5190   1.267090e-01   1.315826e-04   5.504464e-06   8.441421e-06
5200   1.269531e-01   1.288466e-04   5.441688e-06   8.270683e-06
5210   1.271973e-01   1.261291e-04   5.377567e-06   8.099082e-06
5220   1.274414e-01   1.234287e-04   5.312255e-06   7.926850e-06
5230   1.276855e-01   1.207473e-04   5.245710e-06   7.754136e-06
5240   1.279297e-01   1.180856e-04   5.178020e-06   7.581087e-06
5250   1.281738e-01   1.154420e-04   5.109274e-06   7.407901e-06
5260   1.284180e-01   1.128202e-04   5.039543e-06   7.234682e-06
5270   1.286621e-01   1.102208e-04   4.968842e-06   7.061601e-06
5280   1.289063e-01   1.076439e-04   4.897262e-06   6.888831e-06
5290   1.291504e-01   1.050919e-04   4.824867e-06   6.716480e-06
5300   1.293945e-01   1.025724e-04   4.751750e-06   6.544680e-06
5310   1.296387e-01   1.000823e-04   4.677921e-06   6.373602e-06
5320   1.298828e-01   9.762379e-05   4.603482e-06   6.203345e-06
5330   1.301270e-01   9.519817e-05   4.528462e-06   6.034055e-06
5340   1.303711e-01   9.280756e-05   4.452996e-06   5.865865e-06
5350   1.306152e-01   9.045508e-05   4.377071e-06   5.698864e-06
5360   1.308594e-01   8.814587e-05   4.300772e-06   5.533179e-06
5370   1.311035e-01   8.588329e-05   4.224181e-06   5.368946e-06
5380   1.313477e-01   8.367250e-05   4.147341e-06   5.206278e-06
5390   1.315918e-01   8.151991e-05   4.070346e-06   5.045248e-06
5400   1.318359e-01   7.943305e-05   3.993214e-06   4.885992e-06
5410   1.320801e-01   7.742091e-05   3.916015e-06   4.728605e-06
5420   1.323242e-01   7.549085e-05   3.838824e-06   4.573185e-06
5430   1.325684e-01   7.365289e-05   3.761686e-06   4.419826e-06
5440   1.328125e-01   7.191825e-05   3.684664e-06   4.268649e-06
5450   1.330566e-01   7.030111e-05   3.607820e-06   4.119738e-06
5460   1.333008e-01   6.881222e-05   3.531179e-06   3.973165e-06
5470   1.335449e-01   6.744146e-05   3.454811e-06   3.829038e-06
5480   1.337891e-01   6.618052e-05   3.378783e-06   3.687458e-06
5490   1.340332e-01   6.502600e-05   3.303135e-06   3.548500e-06
5500   1.342773e-01   6.397067e-05   3.227916e-06   3.412258e-06
5510   1.345215e-01   6.300705e-05   3.153173e-06   3.278830e-06
5520   1.347656e-01   6.212664e-05   3.078962e-06   3.148299e-06
5530   1.350098e-01   6.132294e-05   3.005320e-06   3.020749e-06
5540   1.352539e-01   6.058690e-05   2.932288e-06   2.896261e-06
5550   1.354980e-01   5.991082e-05   2.859931e-06   2.774935e-06
5560   1.357422e-01   5.928972e-05   2.788289e-06   2.656875e-06
5570   1.359863e-01   5.871506e-05   2.717392e-06   2.542166e-06
5580   1.362305e-01   5.817231e-05   2.647293e-06   2.430913e-06
5590   1.364746e-01   5.765688e-05   2.578031e-06   2.323239e-06
5600   1.367188e-01   5.716149e-05   2.509671e-06   2.219279e-06
5610   1.369629e-01   5.668196e-05   2.442243e-06   2.119180e-06
5620   1.372070e-01   5.621341e-05   2.375802e-06   2.023082e-06
5630   1.374512e-01   5.574953e-05   2.310382e-06   1.931122e-06
5640   1.376953e-01   5.528828e-05   2.246041e-06   1.843406e-06
5650   1.379395e-01   5.482692e-05   2.182822e-06   1.759879e-06
5660   1.381836e-01   5.436352e-05   2.120729e-06   1.680512e-06
5670   1.384277e-01   5.389453e-05   2.059749e-06   1.605245e-06
5680   1.386719e-01   5.342190e-05   1.999872e-06   1.534014e-06
5690   1.389160e-01   5.294289e-05   1.941109e-06   1.466773e-06
5700   1.391602e-01   5.245750e-05   1.883465e-06   1.403504e-06
5710   1.394043e-01   5.196397e-05   1.826941e-06   1.344251e-06
5720   1.396484e-01   5.146213e-05   1.771552e-06   1.289156e-06
5730   1.398926e-01   5.095195e-05   1.717307e-06   1.238490e-06
5740   1.401367e-01   5.043343e-05   1.664219e-06   1.192859e-06
5750   1.403809e-01   4.990708e-05   1.612312e-06   1.153067e-06
5760   1.406250e-01   4.937307e-05   1.561602e-06   1.119089e-06
5770   1.408691e-01   4.883080e-05   1.512119e-06   1.091080e-06
5780   1.411133e-01   4.828140e-05   1.463885e-06   1.069269e-06
5790   1.413574e-01   4.772462e-05   1.416942e-06   1.053727e-06
5800   1.416016e-01   4.716186e-05   1.371331e-06   1.044521e-06
5810   1.418457e-01   4.659276e-05   1.327128e-06   1.041313e-06
5820   1.420898e-01   4.601781e-05   1.284399e-06   1.043753e-06
5830   1.423340e-01   4.543739e-05   1.243086e-06   1.051052e-06
5840   1.425781e-01   4.485337e-05   1.203178e-06   1.062551e-06
5850   1.428223e-01   4.426497e-05   1.164670e-06   1.077310e-06
5860   1.430664e-01   4.367412e-05   1.127559e-06   1.094736e-06
5870   1.433105e-01   4.307961e-05   1.091843e-06   1.114005e-06
5880   1.435547e-01   4.248360e-05   1.057514e-06   1.134607e-06
5890   1.437988e-01   4.188650e-05   1.024569e-06   1.156063e-06
5900   1.440430e-01   4.128785e-05   9.930101e-07   1.177906e-06
5910   1.442871e-01   4.068960e-05   9.628325e-07   1.199920e-06
5920   1.445313e-01   4.009139e-05   9.340311e-07   1.221752e-06
5930   1.447754e-01   3.949597e-05   9.066047e-07   1.243255e-06
5940   1.450195e-01   3.890246e-05   8.805516e-07   1.264218e-06
5950   1.452637e-01   3.831192e-05   8.558786e-07   1.284494e-06
5960   1.455078e-01   3.772537e-05   8.325692e-07   1.304022e-06
5970   1.457520e-01   3.714354e-05   8.106364e-07   1.322666e-06
5980   1.459961e-01   3.656790e-05   7.900892e-07   1.340381e-06
5990   1.462402e-01   3.599796e-05   7.709110e-07   1.357116e-06
6000   1.464844e-01   3.543363e-05   7.531236e-07   1.372790e-06
6010   1.467285e-01   3.487793e-05   7.367230e-07   1.387409e-06
6020   1.469727e-01   3.432826e-05   7.216989e-07   1.400939e-06
6030   1.472168e-01   3.378776e-05   7.080658e-07   1.413355e-06
6040   1.474609e-01   3.325445e-05   6.957970e-07   1.424648e-06
6050   1.477051e-01   3.272934e-05   6.849007e-07   1.434820e-06
6060   1.479492e-01   3.221409e-05   6.753290e-07   1.443867e-06
6070   1.481934e-01   3.170597e-05   6.670901e-07   1.451783e-06
6080   1.484375e-01   3.120966e-05   6.601154e-07   1.458584e-06
6090   1.486816e-01   3.072155e-05   6.544152e-07   1.464282e-06
6100   1.489258e-01   3.024273e-05   6.499845e-07   1.468874e-06
6110   1.491699e-01   2.977422e-05   6.466951e-07   1.472395e-06
6120   1.494141e-01   2.931592e-05   6.443242e-07   1.474851e-06
6130   1.496582e-01   2.886562e-05   6.427548e-07   1.476253e-06
6140   1.499023e-01   2.842457e-05   6.418082e-07   1.476640e-06
6150   1.501465e-01   2.799160e-05   6.413951e-07   1.476014e-06
6160   1.503906e-01   2.756509e-05   6.413651e-07   1.474408e-06
6170   1.506348e-01   2.714439e-05   6.416528e-07   1.471842e-06
6180   1.508789e-01   2.672934e-05   6.421278e-07   1.468334e-06
6190   1.511230e-01   2.631964e-05   6.427331e-07   1.463920e-06
6200   1.513672e-01   2.591769e-05   6.433898e-07   1.458612e-06
6210   1.516113e-01   2.551992e-05   6.440495e-07   1.452455e-06
6220   1.518555e-01   2.512624e-05   6.446471e-07   1.445456e-06
6230   1.520996e-01   2.473665e-05   6.451544e-07   1.437650e-06
6240   1.523438e-01   2.435145e-05   6.455342e-07   1.429064e-06
6250   1.525879e-01   2.396944e-05   6.457490e-07   1.419719e-06
6260   1.528320e-01   2.359106e-05   6.457882e-07   1.409654e-06
6270   1.530762e-01   2.321815e-05   6.456196e-07   1.398883e-06
6280   1.533203e-01   2.285002e-05   6.452335e-07   1.387444e-06
6290   1.535645e-01   2.248480e-05   6.446237e-07   1.375351e-06
6300   1.538086e-01   2.212206e-05   6.437641e-07   1.362647e-06
6310   1.540527e-01   2.176162e-05   6.426666e-07   1.349346e-06
6320   1.542969e-01   2.140300e-05   6.413102e-07   1.335485e-06
6330   1.545410e-01   2.104610e-05   6.396964e-07   1.321079e-06
6340   1.547852e-01   2.069081e-05   6.378346e-07   1.306166e-06
6350   1.550293e-01   2.033681e-05   6.357083e-07   1.290764e-06
6360   1.552734e-01   1.998432e-05   6.333258e-07   1.274907e-06
6370   1.555176e-01   1.963314e-05   6.306843e-07   1.258608e-06
6380   1.557617e-01   1.928320e-05   6.277831e-07   1.241907e-06
6390   1.560059e-01   1.893462e-05   6.246338e-07   1.224818e-06
6400   1.562500e-01   1.858738e-05   6.212370e-07   1.207373e-06
6410   1.564941e-01   1.824151e-05   6.175939e-07   1.189588e-06
6420   1.567383e-01   1.789731e-05   6.137157e-07   1.171497e-06
6430   1.569824e-01   1.755464e-05   6.096004e-07   1.153116e-06
6440   1.572266e-01   1.721402e-05   6.052549e-07   1.134472e-06
6450   1.574707e-01   1.687596e-05   6.006889e-07   1.115586e-06
6460   1.577148e-01   1.654264e-05   5.959023e-07   1.096480e-06
6470   1.579590e-01   1.621316e-05   5.909050e-07   1.077178e-06
6480   1.582031e-01   1.588673e-05   5.857070e-07   1.057699e-06
6490   1.584473e-01   1.556306e-05   5.803082e-07   1.038067e-06
6500   1.586914e-01   1.524193e-05   5.747172e-07   1.018298e-06
6510   1.589355e-01   1.492358e-05   5.689464e-07   9.984187e-07
6520   1.591797e-01   1.460766e-05   5.630006e-07   9.784425e-07
6530   1.594238e-01   1.429435e-05   5.568864e-07   9.583929e-07
6540   1.596680e-01   1.398355e-05   5.506154e-07   9.382855e-07
6550   1.599121e-01   1.367528e-05   5.441899e-07   9.181416e-07
6560   1.601563e-01   1.336987e-05   5.376179e-07   8.979767e-07
6570   1.604004e-01   1.306712e-05   5.309131e-07   8.778094e-07
6580   1.606445e-01   1.276723e-05   5.240798e-07   8.576573e-07
6590   1.608887e-01   1.247025e-05   5.171262e-07   8.375347e-07
6600   1.611328e-01   1.217655e-05   5.100605e-07   8.174607e-07
6610   1.613770e-01   1.188606e-05   5.028918e-07   7.974480e-07
6620   1.616211e-01   1.159902e-05   4.956287e-07   7.775140e-07
6630   1.618652e-01   1.131606e-05   4.882758e-07   7.576722e-07
6640   1.621094e-01   1.103711e-05   4.808476e-07   7.379378e-07
6650   1.623535e-01   1.076269e-05   4.733475e-07   7.183242e-07
6660   1.625977e-01   1.049321e-05   4.657826e-07   6.988450e-07
6670   1.628418e-01   1.022887e-05   4.581670e-07   6.795139e-07
6680   1.630859e-01   9.970033e-06   4.505020e-07   6.603431e-07
6690   1.633301e-01   9.717309e-06   4.427998e-07   6.413458e-07
6700   1.635742e-01   9.470984e-06   4.350679e-07   6.225340e-07
6710   1.638184e-01   9.232044e-06   4.273122e-07   6.039191e-07
6720   1.640625e-01   9.001002e-06   4.195420e-07   5.855113e-07
6730   1.643066e-01   8.778468e-06   4.117600e-07   5.673219e-07
6740   1.645508e-01   8.565828e-06   4.039782e-07   5.493609e-07
6750   1.647949e-01   8.363883e-06   3.962001e-07   5.316388e-07
6760   1.650391e-01   8.174014e-06   3.884336e-07   5.141660e-07
6770   1.652832e-01   7.997038e-06   3.806875e-07   4.969523e-07
6780   1.655273e-01   7.835018e-06   3.729642e-07   4.800070e-07
6790   1.657715e-01   7.689886e-06   3.652738e-07   4.633398e-07
6800   1.660156e-01   7.559609e-06   3.576215e-07   4.469598e-07
6810   1.662598e-01   7.442588e-06   3.500127e-07   4.308763e-07
6820   1.665039e-01   7.337258e-06   3.424530e-07   4.150982e-07
6830   1.667480e-01   7.242779e-06   3.349484e-07   3.996342e-07
6840   1.669922e-01   7.157538e-06   3.275039e-07   3.844929e-07
6850   1.672363e-01   7.080619e-06   3.201247e-07   3.696830e-07
6860   1.674805e-01   7.009516e-06   3.128153e-07   3.552130e-07
6870   1.677246e-01   6.943835e-06   3.055797e-07   3.410915e-07
6880   1.679688e-01   6.882229e-06   2.984224e-07   3.273269e-07
6890   1.682129e-01   6.823574e-06   2.913474e-07   3.139274e-07
6900   1.684570e-01   6.767115e-06   2.843584e-07   3.009021e-07
6910   1.687012e-01   6.712741e-06   2.774596e-07   2.882619e-07
6920   1.689453e-01   6.659262e-06   2.706541e-07   2.760199e-07
6930   1.691895e-01   6.606407e-06   2.639456e-07   2.641904e-07
6940   1.694336e-01   6.553872e-06   2.573375e-07   2.527897e-07
6950   1.696777e-01   6.501822e-06   2.508324e-07   2.418347e-07
6960   1.699219e-01   6.449206e-06   2.444339e-07   2.313455e-07
6970   1.701660e-01   6.396352e-06   2.381450e-07   2.213203e-07
6980   1.704102e-01   6.342921e-06   2.319694e-07   2.117517e-07
6990   1.706543e-01   6.288959e-06   2.259115e-07   2.026349e-07
7000   1.708984e-01   6.234370e-06   2.199740e-07   1.939616e-07
7010   1.711426e-01   6.178914e-06   2.141600e-07   1.857231e-07
7020   1.713867e-01   6.122374e-06   2.084740e-07   1.779105e-07
7030   1.716309e-01   6.064796e-06   2.029187e-07   1.705147e-07
7040   1.718750e-01   6.006520e-06   1.974995e-07   1.635268e-07
7050   1.721191e-01   5.947381e-06   1.922187e-07   1.569444e-07
7060   1.723633e-01   5.887158e-06   1.870819e-07   1.507658e-07
7070   1.726074e-01   5.825845e-06   1.820911e-07   1.450023e-07
7080   1.728516e-01   5.763702e-06   1.772515e-07   1.396741e-07
7090   1.730957e-01   5.700536e-06   1.725669e-07   1.348234e-07
7100   1.733398e-01   5.636619e-06   1.680426e-07   1.305491e-07
7110   1.735840e-01   5.571694e-06   1.636885e-07   1.268931e-07
7120   1.738281e-01   5.506085e-06   1.595046e-07   1.238526e-07
7130   1.740723e-01   5.439859e-06   1.554774e-07   1.214445e-07
7140   1.743164e-01   5.372901e-06   1.516012e-07   1.196813e-07
7150   1.745605e-01   5.305211e-06   1.478714e-07   1.185562e-07
7160   1.748047e-01   5.236859e-06   1.442853e-07   1.180484e-07
7170   1.750488e-01   5.168224e-06   1.408407e-07   1.181125e-07
7180   1.752930e-01   5.099172e-06   1.375346e-07   1.186760e-07
7190   1.755371e-01   5.029962e-06   1.343648e-07   1.196620e-07
7200   1.757813e-01   4.960354e-06   1.313302e-07   1.209924e-07
7210   1.760254e-01   4.890577e-06   1.284283e-07   1.225808e-07
7220   1.762695e-01   4.820587e-06   1.256569e-07   1.243623e-07
7230   1.765137e-01   4.750725e-06   1.230154e-07   1.262723e-07
7240   1.767578e-01   4.680865e-06   1.205016e-07   1.282647e-07
7250   1.770020e-01   4.611232e-06   1.181134e-07   1.302972e-07
7260   1.772461e-01   4.541822e-06   1.158503e-07   1.323321e-07
7270   1.774902e-01   4.472795e-06   1.137095e-07   1.343463e-07
7280   1.777344e-01   4.404057e-06   1.116921e-07   1.363155e-07
7290   1.779785e-01   4.335670e-06   1.097945e-07   1.382235e-07
7300   1.782227e-01   4.267907e-06   1.080173e-07   1.400560e-07
7310   1.784668e-01   4.200660e-06   1.063570e-07   1.418031e-07
7320   1.787109e-01   4.134088e-06   1.048147e-07   1.434546e-07
7330   1.789551e-01   4.068181e-06   1.033863e-07   1.450036e-07
7340   1.791992e-01   4.003143e-06   1.020735e-07   1.464457e-07
7350   1.794434e-01   3.938848e-06   1.008727e-07   1.477755e-07
7360   1.796875e-01   3.875310e-06   9.978736e-08   1.489919e-07
7370   1.799316e-01   3.812854e-06   9.881847e-08   1.500894e-07
7380   1.801758e-01   3.751293e-06   9.795587e-08   1.510719e-07
7390   1.804199e-01   3.690543e-06   9.718840e-08   1.519342e-07
7400   1.806641e-01   3.630708e-06   9.650561e-08   1.526772e-07
7410   1.809082e-01   3.571723e-06   9.590096e-08   1.533033e-07
7420   1.811523e-01   3.513652e-06   9.536155e-08   1.538104e-07
7430   1.813965e-01   3.456428e-06   9.488398e-08   1.542014e-07
7440   1.816406e-01   3.400087e-06   9.445595e-08   1.544776e-07
7450   1.818848e-01   3.344546e-06   9.407019e-08   1.546397e-07
7460   1.821289e-01   3.289876e-06   9.372001e-08   1.546906e-07
7470   1.823730e-01   3.235992e-06   9.339678e-08   1.546318e-07
7480   1.826172e-01   3.182964e-06   9.309500e-08   1.544653e-07
7490   1.828613e-01   3.130657e-06   9.280859e-08   1.541947e-07
7500   1.831055e-01   3.079117e-06   9.253008e-08   1.538204e-07
7510   1.833496e-01   3.028260e-06   9.225863e-08   1.533474e-07
7520   1.835938e-01   2.978115e-06   9.198364e-08   1.527767e-07
7530   1.838379e-01   2.928604e-06   9.170855e-08   1.521111e-07
7540   1.840820e-01   2.879719e-06   9.142269e-08   1.513547e-07
7550   1.843262e-01   2.831443e-06   9.112795e-08   1.505086e-07
7560   1.845703e-01   2.783784e-06   9.081980e-08   1.495775e-07
7570   1.848145e-01   2.736589e-06   9.049580e-08   1.485630e-07
7580   1.850586e-01   2.689936e-06   9.015459e-08   1.474691e-07
7590   1.853027e-01   2.644004e-06   8.979480e-08   1.462973e-07
7600   1.855469e-01   2.598849e-06   8.941315e-08   1.450527e-07
7610   1.857910e-01   2.554476e-06   8.901223e-08   1.437363e-07
7620   1.860352e-01   2.510941e-06   8.858686e-08   1.423523e-07
7630   1.862793e-01   2.468252e-06   8.813833e-08   1.409028e-07
7640   1.865234e-01   2.426180e-06   8.766778e-08   1.393919e-07
7650   1.867676e-01   2.384655e-06   8.717162e-08   1.378212e-07
7660   1.870117e-01   2.343588e-06   8.665118e-08   1.361948e-07
7670   1.872559e-01   2.303118e-06   8.610712e-08   1.345147e-07
7680   1.875000e-01   2.263158e-06   8.553793e-08   1.327845e-07
7690   1.877441e-01   2.223705e-06   8.494439e-08   1.310067e-07
7700   1.879883e-01   2.184645e-06   8.432708e-08   1.291839e-07
7710   1.882324e-01   2.145930e-06   8.368523e-08   1.273194e-07
7720   1.884766e-01   2.107491e-06   8.301984e-08   1.254157e-07
7730   1.887207e-01   2.069335e-06   8.233150e-08   1.234755e-07
7740   1.889648e-01   2.031417e-06   8.161998e-08   1.215008e-07
7750   1.892090e-01   1.993791e-06   8.088586e-08   1.194955e-07
7760   1.894531e-01   1.956442e-06   8.013070e-08   1.174613e-07
7770   1.896973e-01   1.919608e-06   7.935399e-08   1.154007e-07
7780   1.899414e-01   1.883326e-06   7.855606e-08   1.133168e-07
7790   1.901855e-01   1.847409e-06   7.773916e-08   1.112114e-07
7800   1.904297e-01   1.811834e-06   7.690253e-08   1.090874e-07
7810   1.906738e-01   1.776614e-06   7.604679e-08   1.069468e-07
7820   1.909180e-01   1.741621e-06   7.517353e-08   1.047918e-07
7830   1.911621e-01   1.706865e-06   7.428345e-08   1.026250e-07
7840   1.914063e-01   1.672321e-06   7.337698e-08   1.004487e-07
7850   1.916504e-01   1.638019e-06   7.245429e-08   9.826423e-08
7860   1.918945e-01   1.603962e-06   7.151772e-08   9.607479e-08
7870   1.921387e-01   1.570173e-06   7.056689e-08   9.388139e-08
7880   1.923828e-01   1.536775e-06   6.960301e-08   9.168677e-08
7890   1.926270e-01   1.503638e-06   6.862633e-08   8.949290e-08
7900   1.928711e-01   1.470834e-06   6.763890e-08   8.730097e-08
7910   1.931152e-01   1.438311e-06   6.664049e-08   8.511319e-08
7920   1.933594e-01   1.406142e-06   6.563201e-08   8.293176e-08
7930   1.936035e-01   1.374299e-06   6.461451e-08   8.075800e-08
7940   1.938477e-01   1.342828e-06   6.358868e-08   7.859388e-08
7950   1.940918e-01   1.311730e-06   6.255610e-08   7.644101e-08
7960   1.943359e-01   1.281050e-06   6.151653e-08   7.430069e-08
7970   1.945801e-01   1.250846e-06   6.047130e-08   7.217462e-08
7980   1.948242e-01   1.221155e-06   5.942107e-08   7.006480e-08
7990   1.950684e-01   1.192006e-06   5.836680e-08   6.797259e-08
8000   1.953125e-01   1.163473e-06   5.730957e-08   6.589898e-08
8010   1.955566e-01   1.135628e-06   5.624935e-08   6.384585e-08
8020   1.958008e-01   1.108526e-06   5.518736e-08   6.181428e-08
8030   1.960449e-01   1.082255e-06   5.412445e-08   5.980592e-08
8040   1.962891e-01   1.056905e-06   5.306135e-08   5.782197e-08
8050   1.965332e-01   1.032564e-06   5.199873e-08   5.586407e-08
8060   1.967773e-01   1.009342e-06   5.093752e-08   5.393311e-08
8070   1.970215e-01   9.873913e-07   4.987784e-08   5.203024e-08
8080   1.972656e-01   9.667316e-07   4.882086e-08   5.015707e-08
8090   1.975098e-01   9.472594e-07   4.776730e-08   4.831475e-08
8100   1.977539e-01   9.288856e-07   4.671770e-08   4.650444e-08
8110   1.979980e-01   9.115870e-07   4.567281e-08   4.472744e-08
8120   1.982422e-01   8.952836e-07   4.463316e-08   4.298500e-08
8130   1.984863e-01   8.799416e-07   4.359941e-08   4.127818e-08
8140   1.987305e-01   8.655086e-07   4.257202e-08   3.960840e-08
8150   1.989746e-01   8.519651e-07   4.155157e-08   3.797658e-08
8160   1.992188e-01   8.392761e-07   4.053894e-08   3.638391e-08
8170   1.994629e-01   8.274034e-07   3.953458e-08   3.483214e-08
8180   1.997070e-01   8.162502e-07   3.853893e-08   3.332222e-08
8190   1.999512e-01   8.057760e-07   3.755252e-08   3.185559e-08
8200   2.001953e-01   7.959169e-07   3.657581e-08   3.043354e-08
8210   2.004395e-01   7.866307e-07   3.560945e-08   2.905802e-08
8220   2.006836e-01   7.779531e-07   3.465381e-08   2.773070e-08
8230   2.009277e-01   7.696499e-07   3.370927e-08   2.645388e-08
8240   2.011719e-01   7.616489e-07   3.277632e-08   2.522946e-08
8250   2.014160e-01   7.539521e-07   3.185551e-08   2.405934e-08
8260   2.016602e-01   7.464118e-07   3.094733e-08   2.294553e-08
8270   2.019043e-01   7.389895e-07   3.005207e-08   2.188891e-08
8280   2.021484e-01   7.316513e-07   2.917001e-08   2.088812e-08
8290   2.023926e-01   7.243907e-07   2.830159e-08   1.994223e-08
8300   2.026367e-01   7.171798e-07   2.744726e-08   1.905045e-08
8310   2.028809e-01   7.099891e-07   2.660749e-08   1.821256e-08
8320   2.031250e-01   7.027810e-07   2.578274e-08   1.742903e-08
8330   2.033691e-01   6.955483e-07   2.497346e-08   1.670245e-08
8340   2.036133e-01   6.882788e-07   2.417991e-08   1.603984e-08
8350   2.038574e-01   6.809671e-07   2.340261e-08   1.544672e-08
8360   2.041016e-01   6.736028e-07   2.264164e-08   1.492440e-08
8370   2.043457e-01   6.661851e-07   2.189742e-08   1.447569e-08
8380   2.045898e-01   6.587138e-07   2.117007e-08   1.410351e-08
8390   2.048340e-01   6.511796e-07   2.045983e-08   1.381199e-08
8400   2.050781e-01   6.435814e-07   1.976648e-08   1.360177e-08
8410   2.053223e-01   6.359402e-07   1.909004e-08   1.347423e-08
8420   2.055664e-01   6.282295e-07   1.843054e-08   1.342541e-08
8430   2.058105e-01   6.204696e-07   1.778799e-08   1.345137e-08
8440   2.060547e-01   6.126561e-07   1.716255e-08   1.354257e-08
8450   2.062988e-01   6.047975e-07   1.655446e-08   1.369113e-08
8460   2.065430e-01   5.968927e-07   1.596407e-08   1.388465e-08
8470   2.067871e-01   5.889526e-07   1.539122e-08   1.411539e-08
8480   2.070313e-01   5.809732e-07   1.483598e-08   1.437327e-08
8490   2.072754e-01   5.729741e-07   1.429871e-08   1.465020e-08
8500   2.075195e-01   5.649671e-07   1.377937e-08   1.494150e-08
8510   2.077637e-01   5.569604e-07   1.327814e-08   1.523943e-08
8520   2.080078e-01   5.489568e-07   1.279508e-08   1.554070e-08
8530   2.082520e-01   5.409450e-07   1.233040e-08   1.584194e-08
8540   2.084961e-01   5.329532e-07   1.188414e-08   1.613910e-08
8550   2.087402e-01   5.249758e-07   1.145636e-08   1.643094e-08
8560   2.089844e-01   5.170365e-07   1.104728e-08   1.671482e-08
8570   2.092285e-01   5.091264e-07   1.065703e-08   1.698906e-08
8580   2.094727e-01   5.012701e-07   1.028587e-08   1.725275e-08
8590   2.097168e-01   4.934645e-07   9.933761e-09   1.750463e-08
8600   2.099609e-01   4.857406e-07   9.600819e-09   1.774399e-08
8610   2.102051e-01   4.780921e-07   9.287221e-09   1.797019e-08
8620   2.104492e-01   4.705467e-07   8.993399e-09   1.818254e-08
8630   2.106934e-01   4.630849e-07   8.719379e-09   1.838067e-08
8640   2.109375e-01   4.557409e-07   8.465455e-09   1.856464e-08
8650   2.111816e-01   4.484983e-07   8.232103e-09   1.873386e-08
8660   2.114258e-01   4.413776e-07   8.019464e-09   1.888825e-08
8670   2.116699e-01   4.343976e-07   7.827701e-09   1.902803e-08
8680   2.119141e-01   4.275675e-07   7.657321e-09   1.915300e-08
8690   2.121582e-01   4.209016e-07   7.508036e-09   1.926310e-08
8700   2.124023e-01   4.143678e-07   7.380041e-09   1.935868e-08
8710   2.126465e-01   4.079835e-07   7.272926e-09   1.943974e-08
8720   2.128906e-01   4.017171e-07   7.186073e-09   1.950631e-08
8730   2.131348e-01   3.956024e-07   7.119066e-09   1.955886e-08
8740   2.133789e-01   3.896134e-07   7.070940e-09   1.959741e-08
8750   2.136230e-01   3.837443e-07   7.042089e-09   1.962218e-08
8760   2.138672e-01   3.780019e-07   7.028722e-09   1.963358e-08
8770   2.141113e-01   3.723632e-07   7.027927e-09   1.963169e-08
8780   2.143555e-01   3.668165e-07   7.036838e-09   1.961692e-08
8790   2.145996e-01   3.614136e-07   7.053232e-09   1.958959e-08
8800   2.148438e-01   3.560852e-07   7.075145e-09   1.954982e-08
8810   2.150879e-01   3.508220e-07   7.100934e-09   1.949818e-08
8820   2.153320e-01   3.456319e-07   7.129166e-09   1.943476e-08
8830   2.155762e-01   3.405254e-07   7.158577e-09   1.936012e-08
8840   2.158203e-01   3.354784e-07   7.188099e-09   1.927444e-08
8850   2.160645e-01   3.304912e-07   7.217175e-09   1.917811e-08
8860   2.163086e-01   3.255878e-07   7.244867e-09   1.907150e-08
8870   2.165527e-01   3.207758e-07   7.270856e-09   1.895484e-08
8880   2.167969e-01   3.160340e-07   7.294543e-09   1.882864e-08
8890   2.170410e-01   3.113666e-07   7.315774e-09   1.869310e-08
8900   2.172852e-01   3.067592e-07   7.334015e-09   1.854876e-08
8910   2.175293e-01   3.021949e-07   7.349247e-09   1.839577e-08
8920   2.177734e-01   2.976679e-07   7.361219e-09   1.823461e-08
8930   2.180176e-01   2.931709e-07   7.369781e-09   1.806556e-08
8940   2.182617e-01   2.887001e-07   7.374984e-09   1.788899e-08
8950   2.185059e-01   2.842509e-07   7.376588e-09   1.770527e-08
8960   2.187500e-01   2.798200e-07   7.374729e-09   1.751471e-08
8970   2.189941e-01   2.754056e-07   7.369229e-09   1.731767e-08
8980   2.192383e-01   2.710058e-07   7.360105e-09   1.711442e-08
8990   2.194824e-01   2.666197e-07   7.347462e-09   1.690543e-08
9000   2.197266e-01   2.622464e-07   7.331205e-09   1.669088e-08
9010   2.199707e-01   2.578865e-07   7.311443e-09   1.647121e-08
9020   2.202148e-01   2.535413e-07   7.288209e-09   1.624665e-08
9030   2.204590e-01   2.492080e-07   7.261566e-09   1.601761e-08
9040   2.207031e-01   2.448966e-07   7.231605e-09   1.578429e-08
9050   2.209473e-01   2.405999e-07   7.198305e-09   1.554711e-08
9060   2.211914e-01   2.363258e-07   7.161778e-09   1.530628e-08
9070   2.214355e-01   2.320784e-07   7.122056e-09   1.506217e-08
9080   2.216797e-01   2.278680e-07   7.079222e-09   1.481501e-08
9090   2.219238e-01   2.237159e-07   7.033481e-09   1.456512e-08
9100   2.221680e-01   2.196084e-07   6.984842e-09   1.431278e-08
9110   2.224121e-01   2.155385e-07   6.933412e-09   1.405826e-08
9120   2.226563e-01   2.115042e-07   6.879228e-09   1.380182e-08
9130   2.229004e-01   2.075099e-07   6.822453e-09   1.354374e-08
9140   2.231445e-01   2.035508e-07   6.763244e-09   1.328427e-08
9150   2.233887e-01   1.996293e-07   6.701599e-09   1.302365e-08
9160   2.236328e-01   1.957457e-07   6.637609e-09   1.276215e-08
9170   2.238770e-01   1.919051e-07   6.571418e-09   1.250002e-08
9180   2.241211e-01   1.881013e-07   6.503210e-09   1.223750e-08
9190   2.243652e-01   1.843385e-07   6.432986e-09   1.197480e-08
9200   2.246094e-01   1.806218e-07   6.360968e-09   1.171210e-08
9210   2.248535e-01   1.769498e-07   6.287269e-09   1.144962e-08
9220   2.250977e-01   1.733216e-07   6.211950e-09   1.118757e-08
9230   2.253418e-01   1.697416e-07   6.135034e-09   1.092613e-08
9240   2.255859e-01   1.662144e-07   6.056611e-09   1.066552e-08
9250   2.258301e-01   1.627408e-07   5.976839e-09   1.040591e-08
9260   2.260742e-01   1.593247e-07   5.895782e-09   1.014751e-08
9270   2.263184e-01   1.559679e-07   5.813591e-09   9.890498e-09
9280   2.265625e-01   1.526711e-07   5.730359e-09   9.635046e-09
9290   2.268066e-01   1.494406e-07   5.646096e-09   9.381327e-09
9300   2.270508e-01   1.462795e-07   5.561046e-09   9.129514e-09
9310   2.272949e-01   1.431916e-07   5.475197e-09   8.879769e-09
9320   2.275391e-01   1.401815e-07   5.388804e-09   8.632247e-09
9330   2.277832e-01   1.372546e-07   5.301839e-09   8.387098e-09
9340   2.280273e-01   1.344200e-07   5.214469e-09   8.144472e-09
9350   2.282715e-01   1.316770e-07   5.126734e-09   7.904511e-09
9360   2.285156e-01   1.290294e-07   5.038768e-09   7.667354e-09
9370   2.287598e-01   1.264846e-07   4.950695e-09   7.433135e-09
9380   2.290039e-01   1.240450e-07   4.862590e-09   7.201983e-09
9390   2.292480e-01   1.217176e-07   4.774499e-09   6.974021e-09
9400   2.294922e-01   1.195097e-07   4.686553e-09   6.749372e-09
9410   2.297363e-01   1.174292e-07   4.598795e-09   6.528152e-09
9420   2.299805e-01   1.154894e-07   4.511366e-09   6.310475e-09
9430   2.302246e-01   1.137128e-07   4.424326e-09   6.096452e-09
9440   2.304688e-01   1.120674e-07   4.337694e-09   5.886188e-09
9450   2.307129e-01   1.105348e-07   4.251612e-09   5.679793e-09
9460   2.309570e-01   1.091055e-07   4.166161e-09   5.477368e-09
9470   2.312012e-01   1.077588e-07   4.081339e-09   5.279015e-09
9480   2.314453e-01   1.065007e-07   3.997267e-09   5.084830e-09
9490   2.316895e-01   1.053024e-07   3.914024e-09   4.894915e-09
9500   2.319336e-01   1.041638e-07   3.831641e-09   4.709355e-09
9510   2.321777e-01   1.030722e-07   3.750182e-09   4.528270e-09
9520   2.324219e-01   1.020202e-07   3.669744e-09   4.351733e-09
9530   2.326660e-01   1.009998e-07   3.590382e-09   4.179849e-09
9540   2.329102e-01   1.000116e-07   3.512135e-09   4.012746e-09
9550   2.331543e-01   9.904202e-08   3.435070e-09   3.850562e-09
9560   2.333984e-01   9.808669e-08   3.359252e-09   3.693482e-09
9570   2.336426e-01   9.714690e-08   3.284760e-09   3.541711e-09
9580   2.338867e-01   9.621803e-08   3.211631e-09   3.395491e-09
9590   2.341309e-01   9.529611e-08   3.139914e-09   3.255155e-09
9600   2.343750e-01   9.437833e-08   3.069683e-09   3.120731e-09
9610   2.346191e-01   9.345946e-08   3.000988e-09   2.992100e-09
9620   2.348633e-01   9.253946e-08   2.933880e-09   2.869163e-09
9630   2.351074e-01   9.162117e-08   2.868402e-09   2.751852e-09
9640   2.353516e-01   9.069614e-08   2.804613e-09   2.640037e-09
9650   2.355957e-01   8.976440e-08   2.742546e-09   2.533621e-09
9660   2.358398e-01   8.882830e-08   2.682248e-09   2.432461e-09
9670   2.360840e-01   8.788670e-08   2.623740e-09   2.336420e-09
9680   2.363281e-01   8.693905e-08   2.567050e-09   2.245407e-09
9690   2.365723e-01   8.598383e-08   2.512218e-09   2.159333e-09
9700   2.368164e-01   8.501957e-08   2.459247e-09   2.078157e-09
9710   2.370605e-01   8.404714e-08   2.408184e-09   2.001921e-09
9720   2.373047e-01   8.306595e-08   2.359123e-09   1.930759e-09
9730   2.375488e-01   8.208151e-08   2.312050e-09   1.864931e-09
9740   2.377930e-01   8.108936e-08   2.266721e-09   1.805068e-09
9750   2.380371e-01   8.009229e-08   2.223034e-09   1.752290e-09
9760   2.382813e-01   7.908962e-08   2.180920e-09   1.706577e-09
9770   2.385254e-01   7.808214e-08   2.140322e-09   1.667694e-09
9780   2.387695e-01   7.706857e-08   2.101200e-09   1.635659e-09
9790   2.390137e-01   7.605267e-08   2.063509e-09   1.610367e-09
9800   2.392578e-01   7.503425e-08   2.027225e-09   1.591716e-09
9810   2.395020e-01   7.401428e-08   1.992317e-09   1.579388e-09
9820   2.397461e-01   7.299265e-08   1.958757e-09   1.572911e-09
9830   2.399902e-01   7.196902e-08   1.926521e-09   1.571788e-09
9840   2.402344e-01   7.094752e-08   1.895581e-09   1.575367e-09
9850   2.404785e-01   6.992695e-08   1.865918e-09   1.582938e-09
9860   2.407227e-01   6.890848e-08   1.837521e-09   1.593707e-09
9870   2.409668e-01   6.789396e-08   1.810341e-09   1.607125e-09
9880   2.412109e-01   6.688258e-08   1.784389e-09   1.622501e-09
9890   2.414551e-01   6.587693e-08   1.759625e-09   1.639264e-09
9900   2.416992e-01   6.487660e-08   1.736050e-09   1.656958e-09
9910   2.419434e-01   6.388216e-08   1.713623e-09   1.675182e-09
9920   2.421875e-01   6.289419e-08   1.692351e-09   1.693613e-09
9930   2.424316e-01   6.191410e-08   1.672201e-09   1.711930e-09
9940   2.426758e-01   6.094376e-08   1.653160e-09   1.729916e-09
9950   2.429199e-01   5.998096e-08   1.635219e-09   1.747423e-09
9960   2.431641e-01   5.902754e-08   1.618360e-09   1.764312e-09
9970   2.434082e-01   5.808512e-08   1.602659e-09   1.780385e-09
9980   2.436523e-01   5.715162e-08   1.588026e-09   1.795427e-09
9990   2.438965e-01   5.622922e-08   1.574370e-09   1.809359e-09
10000   2.441406e-01   5.531936e-08   1.561605e-09   1.822079e-09
10010   2.443848e-01   5.441807e-08   1.549630e-09   1.833562e-09
10020   2.446289e-01   5.352962e-08   1.538412e-09   1.843729e-09
10030   2.448730e-01   5.265241e-08   1.527846e-09   1.852548e-09
10040   2.451172e-01   5.178693e-08   1.517863e-09   1.860002e-09
10050   2.453613e-01   5.093350e-08   1.508412e-09   1.866097e-09
10060   2.456055e-01   5.009179e-08   1.499393e-09   1.870794e-09
10070   2.458496e-01   4.926342e-08   1.490765e-09   1.874141e-09
10080   2.460938e-01   4.844757e-08   1.482439e-09   1.876109e-09
10090   2.463379e-01   4.764177e-08   1.474376e-09   1.876745e-09
10100   2.465820e-01   4.684807e-08   1.466497e-09   1.876034e-09
10110   2.468262e-01   4.606850e-08   1.458784e-09   1.874016e-09
10120   2.470703e-01   4.529927e-08   1.451119e-09   1.870698e-09
10130   2.473145e-01   4.454059e-08   1.443553e-09   1.866128e-09
10140   2.475586e-01   4.379339e-08   1.435947e-09   1.860310e-09
10150   2.478027e-01   4.305913e-08   1.428327e-09   1.853293e-09
10160   2.480469e-01   4.233705e-08   1.420636e-09   1.845110e-09
10170   2.482910e-01   4.162569e-08   1.412855e-09   1.835765e-09
10180   2.485352e-01   4.092202e-08   1.404917e-09   1.825335e-09
10190   2.487793e-01   4.022994e-08   1.396871e-09   1.813822e-09
10200   2.490234e-01   3.954761e-08   1.388616e-09   1.801272e-09
10210   2.492676e-01   3.887639e-08   1.380182e-09   1.787717e-09
10220   2.495117e-01   3.821810e-08   1.371557e-09   1.773210e-09
10230   2.497559e-01   3.757003e-08   1.362691e-09   1.757760e-09
10240   2.500000e-01   3.693127e-08   1.353603e-09   1.741427e-09
10250   2.502441e-01   3.630339e-08   1.344281e-09   1.724234e-09
10260   2.504883e-01   3.568676e-08   1.334708e-09   1.706228e-09
10270   2.507324e-01   3.508757e-08   1.324876e-09   1.687435e-09
10280   2.509766e-01   3.451625e-08   1.314805e-09   1.667899e-09
10290   2.512207e-01   3.396565e-08   1.304465e-09   1.647659e-09
10300   2.514648e-01   3.343029e-08   1.293862e-09   1.626751e-09
10310   2.517090e-01   3.290798e-08   1.283016e-09   1.605192e-09
10320   2.519531e-01   3.239512e-08   1.271903e-09   1.583044e-09
10330   2.521973e-01   3.188971e-08   1.260527e-09   1.560336e-09
10340   2.524414e-01   3.139071e-08   1.248915e-09   1.537091e-09
10350   2.526855e-01   3.089725e-08   1.237046e-09   1.513351e-09
10360   2.529297e-01   3.040982e-08   1.224924e-09   1.489148e-09
10370   2.531738e-01   2.992788e-08   1.212578e-09   1.464530e-09
10380   2.534180e-01   2.945039e-08   1.199994e-09   1.439506e-09
10390   2.536621e-01   2.897832e-08   1.187177e-09   1.414121e-09
10400   2.539063e-01   2.851393e-08   1.174138e-09   1.388408e-09
10410   2.541504e-01   2.805692e-08   1.160898e-09   1.362394e-09
10420   2.543945e-01   2.760523e-08   1.147449e-09   1.336121e-09
10430   2.546387e-01   2.715738e-08   1.133789e-09   1.309602e-09
10440   2.548828e-01   2.671264e-08   1.119951e-09   1.282878e-09
10450   2.551270e-01   2.627154e-08   1.105932e-09   1.255976e-09
10460   2.553711e-01   2.583386e-08   1.091740e-09   1.228925e-09
10470   2.556152e-01   2.539988e-08   1.077375e-09   1.201757e-09
10480   2.558594e-01   2.496989e-08   1.062867e-09   1.174490e-09
10490   2.561035e-01   2.454314e-08   1.048213e-09   1.147151e-09
10500   2.563477e-01   2.411957e-08   1.033419e-09   1.119777e-09
10510   2.565918e-01   2.369971e-08   1.018497e-09   1.092389e-09
10520   2.568359e-01   2.328345e-08   1.003458e-09   1.065006e-09
10530   2.570801e-01   2.287122e-08   9.883211e-10   1.037658e-09
10540   2.573242e-01   2.246310e-08   9.730819e-10   1.010366e-09
10550   2.575684e-01   2.205922e-08   9.577548e-10   9.831494e-10
10560   2.578125e-01   2.165996e-08   9.423460e-10   9.560443e-10
10570   2.580566e-01   2.126535e-08   9.268749e-10   9.290629e-10
10580   2.583008e-01   2.087620e-08   9.113488e-10   9.022266e-10
10590   2.585449e-01   2.049285e-08   8.957676e-10   8.755570e-10
10600   2.587891e-01   2.011521e-08   8.801487e-10   8.490766e-10
10610   2.590332e-01   1.974392e-08   8.644979e-10   8.228011e-10
10620   2.592773e-01   1.937925e-08   8.488274e-10   7.967583e-10
10630   2.595215e-01   1.902152e-08   8.331528e-10   7.709683e-10
10640   2.597656e-01   1.867139e-08   8.174738e-10   7.454411e-10
10650   2.600098e-01   1.832966e-08   8.017977e-10   7.201955e-10
10660   2.602539e-01   1.799640e-08   7.861391e-10   6.952514e-10
10670   2.604980e-01   1.767240e-08   7.705044e-10   6.706354e-10
10680   2.607422e-01   1.735882e-08   7.549062e-10   6.463575e-10
10690   2.609863e-01   1.705517e-08   7.393496e-10   6.224403e-10
10700   2.612305e-01   1.676013e-08   7.238459e-10   5.988946e-10
10710   2.614746e-01   1.647323e-08   7.083947e-10   5.757494e-10
10720   2.617188e-01   1.619396e-08   6.930089e-10   5.530126e-10
10730   2.619629e-01   1.592198e-08   6.776987e-10   5.306961e-10
10740   2.622070e-01   1.565726e-08   6.624708e-10   5.088343e-10
10750   2.624512e-01   1.539919e-08   6.473314e-10   4.874363e-10
10760   2.626953e-01   1.514777e-08   6.322880e-10   4.665228e-10
10770   2.629395e-01   1.490259e-08   6.173466e-10   4.461174e-10
10780   2.631836e-01   1.466352e-08   6.025151e-10   4.262299e-10
10790   2.634277e-01   1.443008e-08   5.877976e-10   4.068876e-10
10800   2.636719e-01   1.420214e-08   5.731992e-10   3.881055e-10
10810   2.639160e-01   1.397946e-08   5.587301e-10   3.699153e-10
10820   2.641602e-01   1.376154e-08   5.443966e-10   3.523296e-10
10830   2.644043e-01   1.354848e-08   5.302024e-10   3.353831e-10
10840   2.646484e-01   1.333992e-08   5.161532e-10   3.191088e-10
10850   2.648926e-01   1.313513e-08   5.022540e-10   3.035542e-10
10860   2.651367e-01   1.293418e-08   4.885082e-10   2.887802e-10
10870   2.653809e-01   1.273694e-08   4.749231e-10   2.748278e-10
10880   2.656250e-01   1.254438e-08   4.615016e-10   2.617477e-10
10890   2.658691e-01   1.235652e-08   4.482485e-10   2.496082e-10
10900   2.661133e-01   1.217346e-08   4.351669e-10   2.383661e-10
10910   2.663574e-01   1.199524e-08   4.222612e-10   2.280144e-10
10920   2.666016e-01   1.182118e-08   4.095378e-10   2.185632e-10
10930   2.668457e-01   1.165048e-08   3.969999e-10   2.100138e-10
10940   2.670898e-01   1.148312e-08   3.846501e-10   2.023836e-10
10950   2.673340e-01   1.131868e-08   3.724908e-10   1.957034e-10
10960   2.675781e-01   1.115675e-08   3.605251e-10   1.900016e-10
10970   2.678223e-01   1.099710e-08   3.487549e-10   1.853122e-10
10980   2.680664e-01   1.083981e-08   3.371845e-10   1.816554e-10
10990   2.683105e-01   1.068473e-08   3.258170e-10   1.790396e-10
11000   2.685547e-01   1.053150e-08   3.146548e-10   1.774372e-10
11010   2.687988e-01   1.037992e-08   3.037005e-10   1.768321e-10
11020   2.690430e-01   1.022997e-08   2.929551e-10   1.771453e-10
11030   2.692871e-01   1.008150e-08   2.824219e-10   1.783218e-10
11036 2.694336e-01 9.993160e-09 2.762047e-10 1.793881e-10
