TITLE = "Cavity Iterative Residual History"
variables="Iteration""Time(s)""Res1""Res2""Res3"
1   2.441406e-05   1.199644e+00   3.172230e+01   3.361447e+01
10   2.441406e-04   7.767545e-01   2.795352e-01   2.957706e-01
20   4.882813e-04   6.884124e-01   1.704803e-01   1.891441e-01
30   7.324219e-04   6.297973e-01   1.292025e-01   1.485177e-01
40   9.765625e-04   5.877405e-01   1.068462e-01   1.262837e-01
50   1.220703e-03   5.552142e-01   9.265184e-02   1.119580e-01
60   1.464844e-03   5.279595e-01   8.278531e-02   1.018128e-01
70   1.708984e-03   5.043821e-01   7.553466e-02   9.416826e-02
80   1.953125e-03   4.840593e-01   6.996933e-02   8.815689e-02
90   2.197266e-03   4.664530e-01   6.555783e-02   8.328422e-02
100   2.441406e-03   4.511283e-01   6.199363e-02   7.924656e-02
110   2.685547e-03   4.378352e-01   5.907275e-02   7.584249e-02
120   2.929687e-03   4.266270e-01   5.665021e-02   7.292965e-02
130   3.173828e-03   4.175233e-01   5.461740e-02   7.040202e-02
140   3.417969e-03   4.102534e-01   5.288832e-02   6.817788e-02
150   3.662109e-03   4.047093e-01   5.139408e-02   6.619256e-02
160   3.906250e-03   4.006635e-01   5.007950e-02   6.439397e-02
170   4.150391e-03   3.977595e-01   4.890059e-02   6.274003e-02
180   4.394531e-03   3.955472e-01   4.782196e-02   6.119677e-02
190   4.638672e-03   3.937342e-01   4.681592e-02   5.973686e-02
200   4.882813e-03   3.917685e-01   4.586116e-02   5.833820e-02
210   5.126953e-03   3.892340e-01   4.494107e-02   5.698295e-02
220   5.371094e-03   3.858167e-01   4.404324e-02   5.565681e-02
230   5.615234e-03   3.811017e-01   4.315829e-02   5.434824e-02
240   5.859375e-03   3.749235e-01   4.227932e-02   5.304786e-02
250   6.103516e-03   3.670804e-01   4.140131e-02   5.174812e-02
260   6.347656e-03   3.575214e-01   4.052069e-02   5.044278e-02
270   6.591797e-03   3.463029e-01   3.963495e-02   4.912674e-02
280   6.835938e-03   3.335300e-01   3.874242e-02   4.779574e-02
290   7.080078e-03   3.194170e-01   3.784202e-02   4.644618e-02
300   7.324219e-03   3.042599e-01   3.693306e-02   4.507499e-02
310   7.568359e-03   2.884213e-01   3.601507e-02   4.367950e-02
320   7.812500e-03   2.832279e-01   3.508759e-02   4.225724e-02
330   8.056641e-03   2.758445e-01   3.414992e-02   4.080580e-02
340   8.300781e-03   2.652092e-01   3.320073e-02   3.932242e-02
350   8.544922e-03   2.515002e-01   3.223867e-02   3.780464e-02
360   8.789063e-03   2.353510e-01   3.126266e-02   3.625065e-02
370   9.033203e-03   2.179531e-01   3.027187e-02   3.465946e-02
380   9.277344e-03   2.007395e-01   2.926581e-02   3.303098e-02
390   9.521484e-03   1.860186e-01   2.824450e-02   3.136626e-02
400   9.765625e-03   1.775610e-01   2.720850e-02   2.966753e-02
410   1.000977e-02   1.791606e-01   2.615899e-02   2.793835e-02
420   1.025391e-02   1.905722e-01   2.509791e-02   2.618363e-02
430   1.049805e-02   2.080266e-01   2.402789e-02   2.440968e-02
440   1.074219e-02   2.287601e-01   2.295239e-02   2.262422e-02
450   1.098633e-02   2.511095e-01   2.187551e-02   2.083627e-02
460   1.123047e-02   2.739854e-01   2.080212e-02   1.905618e-02
470   1.147461e-02   2.966603e-01   1.973755e-02   1.729548e-02
480   1.171875e-02   3.185942e-01   1.868768e-02   1.556698e-02
490   1.196289e-02   3.393910e-01   1.765860e-02   1.388473e-02
500   1.220703e-02   3.587659e-01   1.665643e-02   1.226439e-02
510   1.245117e-02   3.765145e-01   1.568730e-02   1.072371e-02
520   1.269531e-02   3.924950e-01   1.475700e-02   9.283277e-03
530   1.293945e-02   4.066080e-01   1.387058e-02   7.968079e-03
540   1.318359e-02   4.188342e-01   1.303228e-02   6.808712e-03
550   1.342773e-02   4.290757e-01   1.224556e-02   5.844630e-03
560   1.367188e-02   4.372277e-01   1.151252e-02   5.129434e-03
570   1.391602e-02   4.432669e-01   1.083373e-02   4.723288e-03
580   1.416016e-02   4.472210e-01   1.020850e-02   4.643637e-03
590   1.440430e-02   4.491440e-01   9.634727e-03   4.815851e-03
600   1.464844e-02   4.491091e-01   9.109194e-03   5.130087e-03
610   1.489258e-02   4.472042e-01   8.627753e-03   5.506551e-03
620   1.513672e-02   4.435317e-01   8.185764e-03   5.896714e-03
630   1.538086e-02   4.382073e-01   7.778254e-03   6.280904e-03
640   1.562500e-02   4.313607e-01   7.400550e-03   6.647077e-03
650   1.586914e-02   4.231397e-01   7.048181e-03   6.986798e-03
660   1.611328e-02   4.137126e-01   6.717125e-03   7.294660e-03
670   1.635742e-02   4.032959e-01   6.404414e-03   7.567918e-03
680   1.660156e-02   3.920327e-01   6.106967e-03   7.805968e-03
690   1.684570e-02   3.800257e-01   5.822859e-03   8.009623e-03
700   1.708984e-02   3.673907e-01   5.550503e-03   8.180727e-03
710   1.733398e-02   3.542445e-01   5.288504e-03   8.321738e-03
720   1.757813e-02   3.407044e-01   5.036252e-03   8.435395e-03
730   1.782227e-02   3.268981e-01   4.792951e-03   8.524552e-03
740   1.806641e-02   3.129612e-01   4.558438e-03   8.592151e-03
750   1.831055e-02   2.991083e-01   4.331485e-03   8.640887e-03
760   1.855469e-02   2.854820e-01   4.112259e-03   8.673421e-03
770   1.879883e-02   2.722495e-01   3.901232e-03   8.692158e-03
780   1.904297e-02   2.596112e-01   3.698921e-03   8.699336e-03
790   1.928711e-02   2.476675e-01   3.505963e-03   8.696815e-03
800   1.953125e-02   2.364782e-01   3.323078e-03   8.686406e-03
810   1.977539e-02   2.261225e-01   3.151079e-03   8.669600e-03
820   2.001953e-02   2.166672e-01   2.991041e-03   8.647681e-03
830   2.026367e-02   2.081710e-01   2.844381e-03   8.621726e-03
840   2.050781e-02   2.006928e-01   2.712776e-03   8.592698e-03
850   2.075195e-02   1.942739e-01   2.598278e-03   8.561318e-03
860   2.099609e-02   1.889604e-01   2.503235e-03   8.528151e-03
870   2.124023e-02   1.847545e-01   2.429784e-03   8.493673e-03
880   2.148437e-02   1.816372e-01   2.379537e-03   8.458234e-03
890   2.172852e-02   1.795253e-01   2.352712e-03   8.422091e-03
900   2.197266e-02   1.783338e-01   2.347307e-03   8.385376e-03
910   2.221680e-02   1.779785e-01   2.360271e-03   8.348174e-03
920   2.246094e-02   1.783056e-01   2.387508e-03   8.310498e-03
930   2.270508e-02   1.789855e-01   2.425443e-03   8.272327e-03
940   2.294922e-02   1.797316e-01   2.470821e-03   8.233597e-03
950   2.319336e-02   1.803929e-01   2.521097e-03   8.194194e-03
960   2.343750e-02   1.808770e-01   2.574476e-03   8.153989e-03
970   2.368164e-02   1.811262e-01   2.629474e-03   8.112852e-03
980   2.392578e-02   1.811063e-01   2.684937e-03   8.070618e-03
990   2.416992e-02   1.807955e-01   2.739984e-03   8.027139e-03
1000   2.441406e-02   1.801920e-01   2.794044e-03   7.982285e-03
1010   2.465820e-02   1.792922e-01   2.846584e-03   7.935883e-03
1020   2.490234e-02   1.781054e-01   2.897196e-03   7.887780e-03
1030   2.514648e-02   1.766406e-01   2.945575e-03   7.837819e-03
1040   2.539062e-02   1.749124e-01   2.991400e-03   7.785888e-03
1050   2.563477e-02   1.729353e-01   3.034495e-03   7.731889e-03
1060   2.587891e-02   1.707269e-01   3.074678e-03   7.675689e-03
1070   2.612305e-02   1.683042e-01   3.111827e-03   7.617193e-03
1080   2.636719e-02   1.656863e-01   3.145859e-03   7.556321e-03
1090   2.661133e-02   1.628909e-01   3.176693e-03   7.493034e-03
1100   2.685547e-02   1.599354e-01   3.204300e-03   7.427255e-03
1110   2.709961e-02   1.568399e-01   3.228618e-03   7.358935e-03
1120   2.734375e-02   1.536213e-01   3.249670e-03   7.288085e-03
1130   2.758789e-02   1.502948e-01   3.267447e-03   7.214672e-03
1140   2.783203e-02   1.468772e-01   3.281964e-03   7.138686e-03
1150   2.807617e-02   1.433864e-01   3.293261e-03   7.060173e-03
1160   2.832031e-02   1.398355e-01   3.301370e-03   6.979134e-03
1170   2.856445e-02   1.362386e-01   3.306346e-03   6.895603e-03
1180   2.880859e-02   1.326089e-01   3.308238e-03   6.809650e-03
1190   2.905273e-02   1.289592e-01   3.307136e-03   6.721307e-03
1200   2.929687e-02   1.253024e-01   3.303071e-03   6.630655e-03
1210   2.954102e-02   1.216506e-01   3.296139e-03   6.537763e-03
1220   2.978516e-02   1.180196e-01   3.286437e-03   6.442706e-03
1230   3.002930e-02   1.144148e-01   3.274043e-03   6.345587e-03
1240   3.027344e-02   1.108418e-01   3.259054e-03   6.246481e-03
1250   3.051758e-02   1.073063e-01   3.241573e-03   6.145507e-03
1260   3.076172e-02   1.038142e-01   3.221661e-03   6.042753e-03
1270   3.100586e-02   1.003711e-01   3.199424e-03   5.938338e-03
1280   3.125000e-02   9.698334e-02   3.174991e-03   5.832367e-03
1290   3.149414e-02   9.365439e-02   3.148448e-03   5.724960e-03
1300   3.173828e-02   9.038924e-02   3.119891e-03   5.616230e-03
1310   3.198242e-02   8.719198e-02   3.089438e-03   5.506301e-03
1320   3.222656e-02   8.406687e-02   3.057201e-03   5.395287e-03
1330   3.247070e-02   8.101576e-02   3.023260e-03   5.283316e-03
1340   3.271484e-02   7.804318e-02   2.987727e-03   5.170503e-03
1350   3.295898e-02   7.515683e-02   2.950722e-03   5.056977e-03
1360   3.320312e-02   7.235580e-02   2.912339e-03   4.942851e-03
1370   3.344727e-02   6.964404e-02   2.872690e-03   4.828254e-03
1380   3.369141e-02   6.702408e-02   2.831854e-03   4.713300e-03
1390   3.393555e-02   6.449972e-02   2.789947e-03   4.598109e-03
1400   3.417969e-02   6.206920e-02   2.747071e-03   4.482802e-03
1410   3.442383e-02   5.973761e-02   2.703321e-03   4.367489e-03
1420   3.466797e-02   5.750669e-02   2.658799e-03   4.252288e-03
1430   3.491211e-02   5.537488e-02   2.613592e-03   4.137309e-03
1440   3.515625e-02   5.334425e-02   2.567775e-03   4.022659e-03
1450   3.540039e-02   5.141992e-02   2.521469e-03   3.908451e-03
1460   3.564453e-02   4.960228e-02   2.474741e-03   3.794788e-03
1470   3.588867e-02   4.789277e-02   2.427674e-03   3.681771e-03
1480   3.613281e-02   4.629524e-02   2.380372e-03   3.569503e-03
1490   3.637695e-02   4.481598e-02   2.332893e-03   3.458082e-03
1500   3.662109e-02   4.345872e-02   2.285317e-03   3.347602e-03
1510   3.686523e-02   4.222136e-02   2.237730e-03   3.238158e-03
1520   3.710937e-02   4.110871e-02   2.190182e-03   3.129842e-03
1530   3.735352e-02   4.012513e-02   2.142742e-03   3.022743e-03
1540   3.759766e-02   3.927527e-02   2.095475e-03   2.916949e-03
1550   3.784180e-02   3.855905e-02   2.048452e-03   2.812544e-03
1560   3.808594e-02   3.795752e-02   2.001710e-03   2.709612e-03
1570   3.833008e-02   3.745077e-02   1.955300e-03   2.608236e-03
1580   3.857422e-02   3.702341e-02   1.909279e-03   2.508497e-03
1590   3.881836e-02   3.666187e-02   1.863696e-03   2.410474e-03
1600   3.906250e-02   3.635142e-02   1.818577e-03   2.314248e-03
1610   3.930664e-02   3.608535e-02   1.773963e-03   2.219894e-03
1620   3.955078e-02   3.585094e-02   1.729894e-03   2.127492e-03
1630   3.979492e-02   3.564006e-02   1.686401e-03   2.037119e-03
1640   4.003906e-02   3.544827e-02   1.643500e-03   1.948853e-03
1650   4.028320e-02   3.527204e-02   1.601225e-03   1.862771e-03
1660   4.052734e-02   3.510271e-02   1.559612e-03   1.778949e-03
1670   4.077148e-02   3.493975e-02   1.518667e-03   1.697466e-03
1680   4.101562e-02   3.478228e-02   1.478413e-03   1.618408e-03
1690   4.125977e-02   3.462165e-02   1.438869e-03   1.541871e-03
1700   4.150391e-02   3.445949e-02   1.400061e-03   1.467958e-03
1710   4.174805e-02   3.429471e-02   1.361985e-03   1.396788e-03
1720   4.199219e-02   3.412445e-02   1.324670e-03   1.328472e-03
1730   4.223633e-02   3.394824e-02   1.288135e-03   1.263124e-03
1740   4.248047e-02   3.376630e-02   1.252390e-03   1.200851e-03
1750   4.272461e-02   3.357650e-02   1.217443e-03   1.141689e-03
1760   4.296875e-02   3.337777e-02   1.183316e-03   1.085629e-03
1770   4.321289e-02   3.317116e-02   1.150031e-03   1.032642e-03
1780   4.345703e-02   3.295587e-02   1.117594e-03   9.826965e-04
1790   4.370117e-02   3.273001e-02   1.086010e-03   9.357380e-04
1800   4.394531e-02   3.249474e-02   1.055313e-03   8.917069e-04
1810   4.418945e-02   3.224964e-02   1.025515e-03   8.505740e-04
1820   4.443359e-02   3.199487e-02   9.966410e-04   8.123114e-04
1830   4.467773e-02   3.173160e-02   9.687036e-04   7.769686e-04
1840   4.492187e-02   3.145830e-02   9.417260e-04   7.447152e-04
1850   4.516602e-02   3.117652e-02   9.157298e-04   7.158540e-04
1860   4.541016e-02   3.088480e-02   8.907427e-04   6.911621e-04
1870   4.565430e-02   3.058392e-02   8.667932e-04   6.712158e-04
1880   4.589844e-02   3.027464e-02   8.439171e-04   6.561116e-04
1890   4.614258e-02   2.995773e-02   8.222129e-04   6.461314e-04
1900   4.638672e-02   2.963372e-02   8.015438e-04   6.413507e-04
1910   4.663086e-02   2.930219e-02   7.817980e-04   6.415595e-04
1920   4.687500e-02   2.896419e-02   7.629200e-04   6.463463e-04
1930   4.711914e-02   2.861906e-02   7.448591e-04   6.549287e-04
1940   4.736328e-02   2.826794e-02   7.275891e-04   6.665143e-04
1950   4.760742e-02   2.791115e-02   7.110804e-04   6.803518e-04
1960   4.785156e-02   2.754911e-02   6.953008e-04   6.957038e-04
1970   4.809570e-02   2.718365e-02   6.802349e-04   7.120745e-04
1980   4.833984e-02   2.681375e-02   6.658546e-04   7.289705e-04
1990   4.858398e-02   2.644098e-02   6.521494e-04   7.461148e-04
2000   4.882812e-02   2.606518e-02   6.391038e-04   7.631854e-04
2010   4.907227e-02   2.568629e-02   6.267041e-04   7.800345e-04
2020   4.931641e-02   2.530691e-02   6.149376e-04   7.964567e-04
2030   4.956055e-02   2.492603e-02   6.037892e-04   8.123895e-04
2040   4.980469e-02   2.454442e-02   5.932598e-04   8.276872e-04
2050   5.004883e-02   2.416396e-02   5.833332e-04   8.423228e-04
2060   5.029297e-02   2.378346e-02   5.739978e-04   8.562009e-04
2070   5.053711e-02   2.340403e-02   5.652563e-04   8.693172e-04
2080   5.078125e-02   2.302703e-02   5.570894e-04   8.816039e-04
2090   5.102539e-02   2.265157e-02   5.495024e-04   8.930735e-04
2100   5.126953e-02   2.227873e-02   5.424771e-04   9.036910e-04
2110   5.151367e-02   2.191010e-02   5.360113e-04   9.134461e-04
2120   5.175781e-02   2.154492e-02   5.301044e-04   9.223452e-04
2130   5.200195e-02   2.118424e-02   5.247840e-04   9.303803e-04
2140   5.224609e-02   2.082881e-02   5.199939e-04   9.375616e-04
2150   5.249023e-02   2.047822e-02   5.156767e-04   9.438813e-04
2160   5.273437e-02   2.013265e-02   5.117807e-04   9.493648e-04
2170   5.297852e-02   1.979308e-02   5.082691e-04   9.540143e-04
2180   5.322266e-02   1.945930e-02   5.050843e-04   9.578363e-04
2190   5.346680e-02   1.913136e-02   5.021993e-04   9.608623e-04
2200   5.371094e-02   1.880964e-02   4.995541e-04   9.630894e-04
2210   5.395508e-02   1.849407e-02   4.971204e-04   9.645402e-04
2220   5.419922e-02   1.818453e-02   4.948559e-04   9.652405e-04
2230   5.444336e-02   1.788110e-02   4.927288e-04   9.651911e-04
2240   5.468750e-02   1.758407e-02   4.907010e-04   9.644297e-04
2250   5.493164e-02   1.729322e-02   4.887431e-04   9.629635e-04
2260   5.517578e-02   1.700733e-02   4.868437e-04   9.608191e-04
2270   5.541992e-02   1.672750e-02   4.849516e-04   9.580090e-04
2280   5.566406e-02   1.645379e-02   4.830734e-04   9.545646e-04
2290   5.590820e-02   1.618541e-02   4.811696e-04   9.504964e-04
2300   5.615234e-02   1.592206e-02   4.792360e-04   9.458315e-04
2310   5.639648e-02   1.566276e-02   4.772563e-04   9.405898e-04
2320   5.664062e-02   1.540891e-02   4.752155e-04   9.347898e-04
2330   5.688477e-02   1.516062e-02   4.731009e-04   9.284535e-04
2340   5.712891e-02   1.491708e-02   4.709167e-04   9.216076e-04
2350   5.737305e-02   1.467856e-02   4.686360e-04   9.142646e-04
2360   5.761719e-02   1.444486e-02   4.662713e-04   9.064506e-04
2370   5.786133e-02   1.421496e-02   4.638042e-04   8.981832e-04
2380   5.810547e-02   1.398994e-02   4.612346e-04   8.894900e-04
2390   5.834961e-02   1.376856e-02   4.585653e-04   8.803804e-04
2400   5.859375e-02   1.354951e-02   4.557881e-04   8.708834e-04
2410   5.883789e-02   1.333246e-02   4.528992e-04   8.610133e-04
2420   5.908203e-02   1.311769e-02   4.499091e-04   8.507955e-04
2430   5.932617e-02   1.290463e-02   4.468016e-04   8.402438e-04
2440   5.957031e-02   1.269306e-02   4.435842e-04   8.293770e-04
2450   5.981445e-02   1.248316e-02   4.402649e-04   8.182210e-04
2460   6.005859e-02   1.227461e-02   4.368323e-04   8.067867e-04
2470   6.030273e-02   1.206719e-02   4.332898e-04   7.950971e-04
2480   6.054687e-02   1.186041e-02   4.296496e-04   7.831669e-04
2490   6.079102e-02   1.165411e-02   4.259014e-04   7.710129e-04
2500   6.103516e-02   1.144894e-02   4.220471e-04   7.586590e-04
2510   6.127930e-02   1.124533e-02   4.180999e-04   7.461130e-04
2520   6.152344e-02   1.104393e-02   4.140524e-04   7.333970e-04
2530   6.176758e-02   1.084484e-02   4.099061e-04   7.205254e-04
2540   6.201172e-02   1.064683e-02   4.056719e-04   7.075129e-04
2550   6.225586e-02   1.044961e-02   4.013474e-04   6.943792e-04
2560   6.250000e-02   1.025355e-02   3.969341e-04   6.811330e-04
2570   6.274414e-02   1.005838e-02   3.924383e-04   6.677924e-04
2580   6.298828e-02   9.863616e-03   3.878647e-04   6.543730e-04
2590   6.323242e-02   9.669346e-03   3.832141e-04   6.408873e-04
2600   6.347656e-02   9.475534e-03   3.784863e-04   6.273483e-04
2610   6.372070e-02   9.282057e-03   3.736918e-04   6.137702e-04
2620   6.396484e-02   9.089661e-03   3.688316e-04   6.001637e-04
2630   6.420898e-02   8.898059e-03   3.639090e-04   5.865445e-04
2640   6.445312e-02   8.707021e-03   3.589246e-04   5.729247e-04
2650   6.469727e-02   8.516688e-03   3.538878e-04   5.593138e-04
2660   6.494141e-02   8.327212e-03   3.488002e-04   5.457239e-04
2670   6.518555e-02   8.138838e-03   3.436658e-04   5.321681e-04
2680   6.542969e-02   7.951724e-03   3.384854e-04   5.186547e-04
2690   6.567383e-02   7.765805e-03   3.332664e-04   5.051968e-04
2700   6.591797e-02   7.581226e-03   3.280118e-04   4.918040e-04
2710   6.616211e-02   7.398307e-03   3.227268e-04   4.784849e-04
2720   6.640625e-02   7.217384e-03   3.174125e-04   4.652496e-04
2730   6.665039e-02   7.038775e-03   3.120734e-04   4.521091e-04
2740   6.689453e-02   6.862564e-03   3.067155e-04   4.390720e-04
2750   6.713867e-02   6.689187e-03   3.013411e-04   4.261455e-04
2760   6.738281e-02   6.519020e-03   2.959552e-04   4.133406e-04
2770   6.762695e-02   6.352535e-03   2.905599e-04   4.006643e-04
2780   6.787109e-02   6.190283e-03   2.851592e-04   3.881247e-04
2790   6.811523e-02   6.032883e-03   2.797586e-04   3.757295e-04
2800   6.835937e-02   5.881064e-03   2.743612e-04   3.634883e-04
2810   6.860352e-02   5.735543e-03   2.689702e-04   3.514079e-04
2820   6.884766e-02   5.597373e-03   2.635902e-04   3.394944e-04
2830   6.909180e-02   5.467433e-03   2.582228e-04   3.277559e-04
2840   6.933594e-02   5.346775e-03   2.528733e-04   3.161999e-04
2850   6.958008e-02   5.236472e-03   2.475450e-04   3.048328e-04
2860   6.982422e-02   5.137015e-03   2.422415e-04   2.936612e-04
2870   7.006836e-02   5.046916e-03   2.369664e-04   2.826930e-04
2880   7.031250e-02   4.965337e-03   2.317230e-04   2.719350e-04
2890   7.055664e-02   4.891298e-03   2.265162e-04   2.613926e-04
2900   7.080078e-02   4.823883e-03   2.213485e-04   2.510724e-04
2910   7.104492e-02   4.762399e-03   2.162259e-04   2.409816e-04
2920   7.128906e-02   4.705758e-03   2.111532e-04   2.311276e-04
2930   7.153320e-02   4.653527e-03   2.061362e-04   2.215160e-04
2940   7.177734e-02   4.604880e-03   2.011775e-04   2.121538e-04
2950   7.202148e-02   4.558779e-03   1.962775e-04   2.030484e-04
2960   7.226562e-02   4.514653e-03   1.914375e-04   1.942070e-04
2970   7.250977e-02   4.471996e-03   1.866589e-04   1.856385e-04
2980   7.275391e-02   4.430398e-03   1.819428e-04   1.773531e-04
2990   7.299805e-02   4.389634e-03   1.772902e-04   1.693605e-04
3000   7.324219e-02   4.349422e-03   1.727037e-04   1.616737e-04
3010   7.348633e-02   4.309470e-03   1.681832e-04   1.543057e-04
3020   7.373047e-02   4.269748e-03   1.637299e-04   1.472572e-04
3030   7.397461e-02   4.230178e-03   1.593452e-04   1.405290e-04
3040   7.421875e-02   4.190462e-03   1.550303e-04   1.341211e-04
3050   7.446289e-02   4.150654e-03   1.507867e-04   1.280309e-04
3060   7.470703e-02   4.110823e-03   1.466147e-04   1.222552e-04
3070   7.495117e-02   4.070712e-03   1.425164e-04   1.167905e-04
3080   7.519531e-02   4.030391e-03   1.384926e-04   1.116330e-04
3090   7.543945e-02   3.989966e-03   1.345455e-04   1.067802e-04
3100   7.568359e-02   3.949207e-03   1.306770e-04   1.022365e-04
3110   7.592773e-02   3.907966e-03   1.268882e-04   9.800950e-05
3120   7.617188e-02   3.866247e-03   1.231816e-04   9.411658e-05
3130   7.641602e-02   3.824056e-03   1.195587e-04   9.059154e-05
3140   7.666016e-02   3.781380e-03   1.160222e-04   8.749253e-05
3150   7.690430e-02   3.738323e-03   1.125745e-04   8.489454e-05
3160   7.714844e-02   3.694799e-03   1.092193e-04   8.279827e-05
3170   7.739258e-02   3.650939e-03   1.059590e-04   8.121949e-05
3180   7.763672e-02   3.606748e-03   1.027979e-04   8.016798e-05
3190   7.788086e-02   3.562233e-03   9.974407e-05   7.963276e-05
3200   7.812500e-02   3.517468e-03   9.679584e-05   7.958790e-05
3210   7.836914e-02   3.472493e-03   9.394819e-05   7.997828e-05
3220   7.861328e-02   3.427299e-03   9.119989e-05   8.074334e-05
3230   7.885742e-02   3.382013e-03   8.855081e-05   8.180790e-05
3240   7.910156e-02   3.336580e-03   8.599938e-05   8.310511e-05
3250   7.934570e-02   3.291112e-03   8.354497e-05   8.457339e-05
3260   7.958984e-02   3.245694e-03   8.118720e-05   8.616013e-05
3270   7.983398e-02   3.200373e-03   7.892553e-05   8.782590e-05
3280   8.007813e-02   3.155209e-03   7.675946e-05   8.952945e-05
3290   8.032227e-02   3.110139e-03   7.468893e-05   9.125108e-05
3300   8.056641e-02   3.065217e-03   7.271326e-05   9.296096e-05
3310   8.081055e-02   3.020452e-03   7.083177e-05   9.464776e-05
3320   8.105469e-02   2.975924e-03   6.904403e-05   9.629423e-05
3330   8.129883e-02   2.931628e-03   6.735033e-05   9.788835e-05
3340   8.154297e-02   2.887688e-03   6.575017e-05   9.942455e-05
3350   8.178711e-02   2.844007e-03   6.424225e-05   1.008911e-04
3360   8.203125e-02   2.800812e-03   6.282817e-05   1.022857e-04
3370   8.227539e-02   2.757892e-03   6.150596e-05   1.036032e-04
3380   8.251953e-02   2.715623e-03   6.027626e-05   1.048382e-04
3390   8.276367e-02   2.673617e-03   5.913817e-05   1.059902e-04
3400   8.300781e-02   2.632340e-03   5.809130e-05   1.070566e-04
3410   8.325195e-02   2.591435e-03   5.713502e-05   1.080362e-04
3420   8.349609e-02   2.551160e-03   5.626802e-05   1.089277e-04
3430   8.374023e-02   2.511510e-03   5.548939e-05   1.097300e-04
3440   8.398438e-02   2.472375e-03   5.479671e-05   1.104448e-04
3450   8.422852e-02   2.433900e-03   5.418928e-05   1.110707e-04
3460   8.447266e-02   2.396013e-03   5.366488e-05   1.116086e-04
3470   8.471680e-02   2.358629e-03   5.322683e-05   1.120603e-04
3480   8.496094e-02   2.321969e-03   5.286806e-05   1.124250e-04
3490   8.520508e-02   2.285791e-03   5.257594e-05   1.127050e-04
3500   8.544922e-02   2.250224e-03   5.234110e-05   1.129018e-04
3510   8.569336e-02   2.215213e-03   5.215382e-05   1.130155e-04
3520   8.593750e-02   2.180711e-03   5.200757e-05   1.130495e-04
3530   8.618164e-02   2.146804e-03   5.189208e-05   1.130041e-04
3540   8.642578e-02   2.113530e-03   5.180430e-05   1.128813e-04
3550   8.666992e-02   2.080699e-03   5.173413e-05   1.126834e-04
3560   8.691406e-02   2.048339e-03   5.167753e-05   1.124113e-04
3570   8.715820e-02   2.016409e-03   5.162995e-05   1.120683e-04
3580   8.740234e-02   1.984783e-03   5.158603e-05   1.116552e-04
3590   8.764648e-02   1.953460e-03   5.154272e-05   1.111749e-04
3600   8.789063e-02   1.922336e-03   5.149601e-05   1.106290e-04
3610   8.813477e-02   1.891583e-03   5.144415e-05   1.100196e-04
3620   8.837891e-02   1.861186e-03   5.138376e-05   1.093489e-04
3630   8.862305e-02   1.831072e-03   5.131301e-05   1.086189e-04
3640   8.886719e-02   1.801238e-03   5.123106e-05   1.078323e-04
3650   8.911133e-02   1.771660e-03   5.113471e-05   1.069905e-04
3660   8.935547e-02   1.742333e-03   5.102541e-05   1.060964e-04
3670   8.959961e-02   1.713237e-03   5.089981e-05   1.051511e-04
3680   8.984375e-02   1.684335e-03   5.075878e-05   1.041580e-04
3690   9.008789e-02   1.655621e-03   5.060127e-05   1.031183e-04
3700   9.033203e-02   1.627072e-03   5.042622e-05   1.020349e-04
3710   9.057617e-02   1.598677e-03   5.023464e-05   1.009088e-04
3720   9.082031e-02   1.570432e-03   5.002515e-05   9.974324e-05
3730   9.106445e-02   1.542315e-03   4.979769e-05   9.853970e-05
3740   9.130859e-02   1.514336e-03   4.955347e-05   9.730052e-05
3750   9.155273e-02   1.486488e-03   4.929117e-05   9.602722e-05
3760   9.179688e-02   1.458768e-03   4.901132e-05   9.472245e-05
3770   9.204102e-02   1.431194e-03   4.871446e-05   9.338778e-05
3780   9.228516e-02   1.403752e-03   4.840026e-05   9.202525e-05
3790   9.252930e-02   1.376472e-03   4.806957e-05   9.063694e-05
3800   9.277344e-02   1.349343e-03   4.772265e-05   8.922449e-05
3810   9.301758e-02   1.322379e-03   4.735909e-05   8.779006e-05
3820   9.326172e-02   1.295621e-03   4.697997e-05   8.633508e-05
3830   9.350586e-02   1.269169e-03   4.658562e-05   8.486188e-05
3840   9.375000e-02   1.243091e-03   4.617587e-05   8.337165e-05
3850   9.399414e-02   1.217306e-03   4.575160e-05   8.186667e-05
3860   9.423828e-02   1.191755e-03   4.531357e-05   8.034821e-05
3870   9.448242e-02   1.166432e-03   4.486167e-05   7.881808e-05
3880   9.472656e-02   1.141327e-03   4.439677e-05   7.727808e-05
3890   9.497070e-02   1.116444e-03   4.391940e-05   7.572938e-05
3900   9.521484e-02   1.091757e-03   4.342972e-05   7.417405e-05
3910   9.545898e-02   1.067290e-03   4.292874e-05   7.261318e-05
3920   9.570313e-02   1.043037e-03   4.241680e-05   7.104845e-05
3930   9.594727e-02   1.019001e-03   4.189437e-05   6.948135e-05
3940   9.619141e-02   9.951862e-04   4.136203e-05   6.791306e-05
3950   9.643555e-02   9.716029e-04   4.082032e-05   6.634525e-05
3960   9.667969e-02   9.482598e-04   4.027020e-05   6.477899e-05
3970   9.692383e-02   9.251612e-04   3.971172e-05   6.321572e-05
3980   9.716797e-02   9.023225e-04   3.914579e-05   6.165672e-05
3990   9.741211e-02   8.797602e-04   3.857291e-05   6.010307e-05
4000   9.765625e-02   8.574950e-04   3.799368e-05   5.855619e-05
4010   9.790039e-02   8.355205e-04   3.740862e-05   5.701703e-05
4020   9.814453e-02   8.138754e-04   3.681850e-05   5.548680e-05
4030   9.838867e-02   7.925772e-04   3.622370e-05   5.396668e-05
4040   9.863281e-02   7.716459e-04   3.562492e-05   5.245753e-05
4050   9.887695e-02   7.511497e-04   3.502277e-05   5.096060e-05
4060   9.912109e-02   7.311277e-04   3.441769e-05   4.947674e-05
4070   9.936523e-02   7.116255e-04   3.381041e-05   4.800694e-05
4080   9.960938e-02   6.926866e-04   3.320142e-05   4.655226e-05
4090   9.985352e-02   6.743935e-04   3.259136e-05   4.511345e-05
4100   1.000977e-01   6.568122e-04   3.198066e-05   4.369153e-05
4110   1.003418e-01   6.400462e-04   3.136993e-05   4.228732e-05
4120   1.005859e-01   6.241862e-04   3.075982e-05   4.090165e-05
4130   1.008301e-01   6.093324e-04   3.015063e-05   3.953538e-05
4140   1.010742e-01   5.956294e-04   2.954311e-05   3.818930e-05
4150   1.013184e-01   5.832036e-04   2.893766e-05   3.686416e-05
4160   1.015625e-01   5.721702e-04   2.833476e-05   3.556081e-05
4170   1.018066e-01   5.623921e-04   2.773491e-05   3.427994e-05
4180   1.020508e-01   5.537254e-04   2.713855e-05   3.302230e-05
4190   1.022949e-01   5.460607e-04   2.654616e-05   3.178866e-05
4200   1.025391e-01   5.392445e-04   2.595806e-05   3.057971e-05
4210   1.027832e-01   5.331925e-04   2.537469e-05   2.939618e-05
4220   1.030273e-01   5.277418e-04   2.479647e-05   2.823880e-05
4230   1.032715e-01   5.228041e-04   2.422370e-05   2.710825e-05
4240   1.035156e-01   5.182264e-04   2.365672e-05   2.600527e-05
4250   1.037598e-01   5.139294e-04   2.309578e-05   2.493053e-05
4260   1.040039e-01   5.098737e-04   2.254114e-05   2.388474e-05
4270   1.042480e-01   5.059360e-04   2.199309e-05   2.286865e-05
4280   1.044922e-01   5.020929e-04   2.145191e-05   2.188314e-05
4290   1.047363e-01   4.983121e-04   2.091778e-05   2.092924e-05
4300   1.049805e-01   4.945917e-04   2.039093e-05   2.000806e-05
4310   1.052246e-01   4.908605e-04   1.987156e-05   1.912089e-05
4320   1.054688e-01   4.871199e-04   1.935991e-05   1.826899e-05
4330   1.057129e-01   4.833366e-04   1.885621e-05   1.745378e-05
4340   1.059570e-01   4.795410e-04   1.836061e-05   1.667508e-05
4350   1.062012e-01   4.756771e-04   1.787332e-05   1.593253e-05
4360   1.064453e-01   4.717520e-04   1.739452e-05   1.522584e-05
4370   1.066895e-01   4.677673e-04   1.692449e-05   1.455452e-05
4380   1.069336e-01   4.637045e-04   1.646348e-05   1.391801e-05
4390   1.071777e-01   4.595804e-04   1.601173e-05   1.331561e-05
4400   1.074219e-01   4.553896e-04   1.556938e-05   1.274674e-05
4410   1.076660e-01   4.511065e-04   1.513678e-05   1.221113e-05
4420   1.079102e-01   4.467418e-04   1.471413e-05   1.170873e-05
4430   1.081543e-01   4.423040e-04   1.430175e-05   1.124026e-05
4440   1.083984e-01   4.378059e-04   1.389992e-05   1.080718e-05
4450   1.086426e-01   4.332242e-04   1.350895e-05   1.041244e-05
4460   1.088867e-01   4.285735e-04   1.312918e-05   1.006234e-05
4470   1.091309e-01   4.238463e-04   1.276093e-05   9.764570e-06
4480   1.093750e-01   4.190512e-04   1.240464e-05   9.519152e-06
4490   1.096191e-01   4.142028e-04   1.206104e-05   9.327213e-06
4500   1.098633e-01   4.092918e-04   1.173047e-05   9.190326e-06
4510   1.101074e-01   4.043347e-04   1.141196e-05   9.108013e-06
4520   1.103516e-01   3.993245e-04   1.110508e-05   9.078138e-06
4530   1.105957e-01   3.942557e-04   1.080957e-05   9.096461e-06
4540   1.108398e-01   3.891617e-04   1.052521e-05   9.156784e-06
4550   1.110840e-01   3.840278e-04   1.025191e-05   9.252184e-06
4560   1.113281e-01   3.788782e-04   9.989469e-06   9.374815e-06
4570   1.115723e-01   3.736977e-04   9.737793e-06   9.518711e-06
4580   1.118164e-01   3.685054e-04   9.496775e-06   9.677383e-06
4590   1.120605e-01   3.632914e-04   9.266276e-06   9.846171e-06
4600   1.123047e-01   3.580853e-04   9.046212e-06   1.002070e-05
4610   1.125488e-01   3.528724e-04   8.836465e-06   1.019798e-05
4620   1.127930e-01   3.476839e-04   8.636909e-06   1.037513e-05
4630   1.130371e-01   3.424986e-04   8.447533e-06   1.055004e-05
4640   1.132813e-01   3.373421e-04   8.268218e-06   1.072129e-05
4650   1.135254e-01   3.321958e-04   8.098806e-06   1.088716e-05
4660   1.137695e-01   3.271006e-04   7.939417e-06   1.104694e-05
4670   1.140137e-01   3.220288e-04   7.789767e-06   1.119925e-05
4680   1.142578e-01   3.170176e-04   7.650033e-06   1.134394e-05
4690   1.145020e-01   3.120471e-04   7.519884e-06   1.148017e-05
4700   1.147461e-01   3.071378e-04   7.399397e-06   1.160775e-05
4710   1.149902e-01   3.022951e-04   7.288351e-06   1.172613e-05
4720   1.152344e-01   2.974976e-04   7.186859e-06   1.183512e-05
4730   1.154785e-01   2.927808e-04   7.094598e-06   1.193480e-05
4740   1.157227e-01   2.881215e-04   7.011642e-06   1.202475e-05
4750   1.159668e-01   2.835263e-04   6.937881e-06   1.210509e-05
4760   1.162109e-01   2.790075e-04   6.873855e-06   1.217582e-05
4770   1.164551e-01   2.745471e-04   6.818061e-06   1.223688e-05
4780   1.166992e-01   2.701653e-04   6.769798e-06   1.228838e-05
4790   1.169434e-01   2.658513e-04   6.728064e-06   1.233042e-05
4800   1.171875e-01   2.615952e-04   6.692189e-06   1.236310e-05
4810   1.174316e-01   2.574145e-04   6.661351e-06   1.238647e-05
4820   1.176758e-01   2.532992e-04   6.634732e-06   1.240081e-05
4830   1.179199e-01   2.492353e-04   6.611662e-06   1.240617e-05
4840   1.181641e-01   2.452361e-04   6.591419e-06   1.240282e-05
4850   1.184082e-01   2.413073e-04   6.573599e-06   1.239089e-05
4860   1.186523e-01   2.374253e-04   6.557209e-06   1.237057e-05
4870   1.188965e-01   2.335901e-04   6.542194e-06   1.234211e-05
4880   1.191406e-01   2.298174e-04   6.527792e-06   1.230563e-05
4890   1.193848e-01   2.260862e-04   6.513605e-06   1.226148e-05
4900   1.196289e-01   2.223946e-04   6.499506e-06   1.220973e-05
4910   1.198730e-01   2.187419e-04   6.484839e-06   1.215078e-05
4920   1.201172e-01   2.151423e-04   6.469583e-06   1.208473e-05
4930   1.203613e-01   2.115786e-04   6.453403e-06   1.201184e-05
4940   1.206055e-01   2.080475e-04   6.436033e-06   1.193238e-05
4950   1.208496e-01   2.045546e-04   6.417494e-06   1.184655e-05
4960   1.210938e-01   2.011085e-04   6.397424e-06   1.175460e-05
4970   1.213379e-01   1.977196e-04   6.375819e-06   1.165677e-05
4980   1.215820e-01   1.943775e-04   6.352603e-06   1.155331e-05
4990   1.218262e-01   1.910718e-04   6.327539e-06   1.144443e-05
5000   1.220703e-01   1.878094e-04   6.300767e-06   1.133039e-05
5010   1.223145e-01   1.845783e-04   6.272110e-06   1.121141e-05
5020   1.225586e-01   1.813854e-04   6.241521e-06   1.108771e-05
5030   1.228027e-01   1.782242e-04   6.209142e-06   1.095957e-05
5040   1.230469e-01   1.750897e-04   6.174760e-06   1.082718e-05
5050   1.232910e-01   1.719750e-04   6.138417e-06   1.069077e-05
5060   1.235352e-01   1.688784e-04   6.100257e-06   1.055057e-05
5070   1.237793e-01   1.658058e-04   6.060126e-06   1.040684e-05
5080   1.240234e-01   1.627559e-04   6.018081e-06   1.025972e-05
5090   1.242676e-01   1.597263e-04   5.974222e-06   1.010952e-05
5100   1.245117e-01   1.567144e-04   5.928479e-06   9.956366e-06
5110   1.247559e-01   1.537239e-04   5.880916e-06   9.800534e-06
5120   1.250000e-01   1.507557e-04   5.831605e-06   9.642197e-06
5130   1.252441e-01   1.478135e-04   5.780541e-06   9.481545e-06
5140   1.254883e-01   1.449064e-04   5.727759e-06   9.318837e-06
5150   1.257324e-01   1.420403e-04   5.673359e-06   9.154203e-06
5160   1.259766e-01   1.392029e-04   5.617357e-06   8.987890e-06
5170   1.262207e-01   1.363901e-04   5.559791e-06   8.820049e-06
5180   1.264648e-01   1.336057e-04   5.500783e-06   8.650859e-06
5190   1.267090e-01   1.308403e-04   5.440327e-06   8.480561e-06
5200   1.269531e-01   1.280948e-04   5.378439e-06   8.309254e-06
5210   1.271973e-01   1.253664e-04   5.315274e-06   8.137165e-06
5220   1.274414e-01   1.226569e-04   5.250836e-06   7.964440e-06
5230   1.276855e-01   1.199659e-04   5.185205e-06   7.791238e-06
5240   1.279297e-01   1.172945e-04   5.118410e-06   7.617769e-06
5250   1.281738e-01   1.146435e-04   5.050585e-06   7.444118e-06
5260   1.284180e-01   1.120184e-04   4.981721e-06   7.270482e-06
5270   1.286621e-01   1.094180e-04   4.911917e-06   7.097010e-06
5280   1.289063e-01   1.068402e-04   4.841223e-06   6.923834e-06
5290   1.291504e-01   1.042886e-04   4.769746e-06   6.751107e-06
5300   1.293945e-01   1.017635e-04   4.697490e-06   6.578965e-06
5310   1.296387e-01   9.926653e-05   4.624560e-06   6.407520e-06
5320   1.298828e-01   9.680036e-05   4.550981e-06   6.236945e-06
5330   1.301270e-01   9.436897e-05   4.476887e-06   6.067341e-06
5340   1.303711e-01   9.197573e-05   4.402277e-06   5.898819e-06
5350   1.306152e-01   8.962163e-05   4.327236e-06   5.731524e-06
5360   1.308594e-01   8.731160e-05   4.251828e-06   5.565573e-06
5370   1.311035e-01   8.504829e-05   4.176115e-06   5.401053e-06
5380   1.313477e-01   8.283695e-05   4.100184e-06   5.238111e-06
5390   1.315918e-01   8.068328e-05   4.024054e-06   5.076828e-06
5400   1.318359e-01   7.859475e-05   3.947808e-06   4.917319e-06
5410   1.320801e-01   7.657945e-05   3.871502e-06   4.759677e-06
5420   1.323242e-01   7.464714e-05   3.795196e-06   4.604023e-06
5430   1.325684e-01   7.280710e-05   3.718969e-06   4.450440e-06
5440   1.328125e-01   7.107195e-05   3.642844e-06   4.299021e-06
5450   1.330566e-01   6.945555e-05   3.566890e-06   4.149873e-06
5460   1.333008e-01   6.797391e-05   3.491168e-06   4.003073e-06
5470   1.335449e-01   6.661821e-05   3.415727e-06   3.858715e-06
5480   1.337891e-01   6.537983e-05   3.340618e-06   3.716895e-06
5490   1.340332e-01   6.425216e-05   3.265904e-06   3.577711e-06
5500   1.342773e-01   6.322707e-05   3.191620e-06   3.441234e-06
5510   1.345215e-01   6.229743e-05   3.117816e-06   3.307547e-06
5520   1.347656e-01   6.145173e-05   3.044552e-06   3.176748e-06
5530   1.350098e-01   6.068292e-05   2.971873e-06   3.048927e-06
5540   1.352539e-01   5.998158e-05   2.899821e-06   2.924158e-06
5550   1.354980e-01   5.933923e-05   2.828451e-06   2.802538e-06
5560   1.357422e-01   5.874828e-05   2.757815e-06   2.684158e-06
5570   1.359863e-01   5.819506e-05   2.687961e-06   2.569107e-06
5580   1.362305e-01   5.766965e-05   2.618936e-06   2.457481e-06
5590   1.364746e-01   5.716596e-05   2.550811e-06   2.349395e-06
5600   1.367188e-01   5.667799e-05   2.483641e-06   2.244986e-06
5610   1.369629e-01   5.619930e-05   2.417495e-06   2.144408e-06
5620   1.372070e-01   5.572896e-05   2.352372e-06   2.047784e-06
5630   1.374512e-01   5.526183e-05   2.288276e-06   1.955258e-06
5640   1.376953e-01   5.479605e-05   2.225217e-06   1.866956e-06
5650   1.379395e-01   5.432986e-05   2.163208e-06   1.782826e-06
5660   1.381836e-01   5.386217e-05   2.102253e-06   1.702823e-06
5670   1.384277e-01   5.338972e-05   2.042364e-06   1.626897e-06
5680   1.386719e-01   5.291316e-05   1.983552e-06   1.554988e-06
5690   1.389160e-01   5.243089e-05   1.925838e-06   1.487035e-06
5700   1.391602e-01   5.194398e-05   1.869225e-06   1.423000e-06
5710   1.394043e-01   5.145095e-05   1.813726e-06   1.362892e-06
5720   1.396484e-01   5.095202e-05   1.759355e-06   1.306759e-06
5730   1.398926e-01   5.044820e-05   1.706128e-06   1.254789e-06
5740   1.401367e-01   4.993561e-05   1.654072e-06   1.207309e-06
5750   1.403809e-01   4.941424e-05   1.603207e-06   1.165059e-06
5760   1.406250e-01   4.888415e-05   1.553551e-06   1.128660e-06
5770   1.408691e-01   4.834654e-05   1.505136e-06   1.098128e-06
5780   1.411133e-01   4.780094e-05   1.457998e-06   1.073602e-06
5790   1.413574e-01   4.724873e-05   1.412172e-06   1.055324e-06
5800   1.416016e-01   4.668903e-05   1.367710e-06   1.043266e-06
5810   1.418457e-01   4.612307e-05   1.324700e-06   1.037397e-06
5820   1.420898e-01   4.555163e-05   1.283183e-06   1.037248e-06
5830   1.423340e-01   4.497403e-05   1.243097e-06   1.042322e-06
5840   1.425781e-01   4.439340e-05   1.204419e-06   1.051777e-06
5850   1.428223e-01   4.380839e-05   1.167134e-06   1.064910e-06
5860   1.430664e-01   4.322066e-05   1.131241e-06   1.080847e-06
5870   1.433105e-01   4.263015e-05   1.096734e-06   1.098976e-06
5880   1.435547e-01   4.203812e-05   1.063608e-06   1.118554e-06
5890   1.437988e-01   4.144497e-05   1.031852e-06   1.139187e-06
5900   1.440430e-01   4.085135e-05   1.001464e-06   1.160345e-06
5910   1.442871e-01   4.025863e-05   9.724290e-07   1.181733e-06
5920   1.445313e-01   3.966664e-05   9.447495e-07   1.203085e-06
5930   1.447754e-01   3.907861e-05   9.184248e-07   1.224096e-06
5940   1.450195e-01   3.849249e-05   8.934418e-07   1.244675e-06
5950   1.452637e-01   3.791029e-05   8.697909e-07   1.264616e-06
5960   1.455078e-01   3.733124e-05   8.474885e-07   1.283816e-06
5970   1.457520e-01   3.675725e-05   8.265193e-07   1.302206e-06
5980   1.459961e-01   3.618725e-05   8.068782e-07   1.319664e-06
5990   1.462402e-01   3.562387e-05   7.885838e-07   1.336164e-06
6000   1.464844e-01   3.506521e-05   7.716105e-07   1.351648e-06
6010   1.467285e-01   3.451513e-05   7.559826e-07   1.366081e-06
6020   1.469727e-01   3.396940e-05   7.416774e-07   1.379445e-06
6030   1.472168e-01   3.343419e-05   7.286996e-07   1.391695e-06
6040   1.474609e-01   3.290370e-05   7.170410e-07   1.402854e-06
6050   1.477051e-01   3.238445e-05   7.066848e-07   1.412895e-06
6060   1.479492e-01   3.187167e-05   6.976138e-07   1.421810e-06
6070   1.481934e-01   3.136726e-05   6.898122e-07   1.429624e-06
6080   1.484375e-01   3.087332e-05   6.832846e-07   1.436325e-06
6090   1.486816e-01   3.038574e-05   6.780438e-07   1.441921e-06
6100   1.489258e-01   2.990867e-05   6.739093e-07   1.446443e-06
6110   1.491699e-01   2.943934e-05   6.707282e-07   1.449883e-06
6120   1.494141e-01   2.897771e-05   6.683614e-07   1.452263e-06
6130   1.496582e-01   2.852498e-05   6.666880e-07   1.453615e-06
6140   1.499023e-01   2.807989e-05   6.655723e-07   1.453936e-06
6150   1.501465e-01   2.764160e-05   6.649258e-07   1.453263e-06
6160   1.503906e-01   2.721216e-05   6.646208e-07   1.451614e-06
6170   1.506348e-01   2.678829e-05   6.645941e-07   1.449006e-06
6180   1.508789e-01   2.637127e-05   6.647211e-07   1.445476e-06
6190   1.511230e-01   2.596077e-05   6.649815e-07   1.441032e-06
6200   1.513672e-01   2.555700e-05   6.652592e-07   1.435715e-06
6210   1.516113e-01   2.515813e-05   6.655407e-07   1.429537e-06
6220   1.518555e-01   2.476573e-05   6.657636e-07   1.422532e-06
6230   1.520996e-01   2.437714e-05   6.658776e-07   1.414723e-06
6240   1.523438e-01   2.399274e-05   6.658834e-07   1.406139e-06
6250   1.525879e-01   2.361210e-05   6.657122e-07   1.396807e-06
6260   1.528320e-01   2.323494e-05   6.653777e-07   1.386748e-06
6270   1.530762e-01   2.286287e-05   6.648351e-07   1.375999e-06
6280   1.533203e-01   2.249460e-05   6.640800e-07   1.364578e-06
6290   1.535645e-01   2.212922e-05   6.631055e-07   1.352521e-06
6300   1.538086e-01   2.176642e-05   6.618846e-07   1.339842e-06
6310   1.540527e-01   2.140600e-05   6.604277e-07   1.326582e-06
6320   1.542969e-01   2.104753e-05   6.587217e-07   1.312758e-06
6330   1.545410e-01   2.069100e-05   6.567581e-07   1.298404e-06
6340   1.547852e-01   2.033616e-05   6.545536e-07   1.283536e-06
6350   1.550293e-01   1.998294e-05   6.520872e-07   1.268192e-06
6360   1.552734e-01   1.963138e-05   6.493664e-07   1.252390e-06
6370   1.555176e-01   1.928124e-05   6.463950e-07   1.236159e-06
6380   1.557617e-01   1.893249e-05   6.431661e-07   1.219520e-06
6390   1.560059e-01   1.858525e-05   6.396959e-07   1.202504e-06
6400   1.562500e-01   1.823950e-05   6.359793e-07   1.185133e-06
6410   1.564941e-01   1.789524e-05   6.320160e-07   1.167428e-06
6420   1.567383e-01   1.755274e-05   6.278200e-07   1.149420e-06
6430   1.569824e-01   1.721186e-05   6.233937e-07   1.131124e-06
6440   1.572266e-01   1.687327e-05   6.187372e-07   1.112571e-06
6450   1.574707e-01   1.653763e-05   6.138617e-07   1.093778e-06
6460   1.577148e-01   1.620695e-05   6.087718e-07   1.074771e-06
6470   1.579590e-01   1.587983e-05   6.034734e-07   1.055568e-06
6480   1.582031e-01   1.555554e-05   5.979726e-07   1.036194e-06
6490   1.584473e-01   1.523381e-05   5.922788e-07   1.016669e-06
6500   1.586914e-01   1.491448e-05   5.863957e-07   9.970113e-07
6510   1.589355e-01   1.459783e-05   5.803296e-07   9.772459e-07
6520   1.591797e-01   1.428332e-05   5.740940e-07   9.573858e-07
6530   1.594238e-01   1.397118e-05   5.676906e-07   9.374566e-07
6540   1.596680e-01   1.366142e-05   5.611302e-07   9.174730e-07
6550   1.599121e-01   1.335405e-05   5.544208e-07   8.974534e-07
6560   1.601563e-01   1.304920e-05   5.475651e-07   8.774195e-07
6570   1.604004e-01   1.274693e-05   5.405773e-07   8.573829e-07
6580   1.606445e-01   1.244731e-05   5.334620e-07   8.373660e-07
6590   1.608887e-01   1.215037e-05   5.262300e-07   8.173816e-07
6600   1.611328e-01   1.185657e-05   5.188855e-07   7.974461e-07
6610   1.613770e-01   1.156590e-05   5.114396e-07   7.775784e-07
6620   1.616211e-01   1.127854e-05   5.039002e-07   7.577890e-07
6630   1.618652e-01   1.099457e-05   4.962745e-07   7.380962e-07
6640   1.621094e-01   1.071435e-05   4.885704e-07   7.185126e-07
6650   1.623535e-01   1.043815e-05   4.807978e-07   6.990521e-07
6660   1.625977e-01   1.016637e-05   4.729618e-07   6.797299e-07
6670   1.628418e-01   9.899450e-06   4.650715e-07   6.605570e-07
6680   1.630859e-01   9.637741e-06   4.571362e-07   6.415472e-07
6690   1.633301e-01   9.381875e-06   4.491614e-07   6.227138e-07
6700   1.635742e-01   9.132683e-06   4.411564e-07   6.040672e-07
6710   1.638184e-01   8.891082e-06   4.331283e-07   5.856200e-07
6720   1.640625e-01   8.657663e-06   4.250837e-07   5.673841e-07
6730   1.643066e-01   8.433921e-06   4.170318e-07   5.493690e-07
6740   1.645508e-01   8.220639e-06   4.089785e-07   5.315873e-07
6750   1.647949e-01   8.019829e-06   4.009313e-07   5.140484e-07
6760   1.650391e-01   7.833076e-06   3.928985e-07   4.967629e-07
6770   1.652832e-01   7.661897e-06   3.848841e-07   4.797411e-07
6780   1.655273e-01   7.508736e-06   3.768979e-07   4.629929e-07
6790   1.657715e-01   7.372161e-06   3.689450e-07   4.465273e-07
6800   1.660156e-01   7.250138e-06   3.610323e-07   4.303549e-07
6810   1.662598e-01   7.141672e-06   3.531656e-07   4.144841e-07
6820   1.665039e-01   7.044997e-06   3.453498e-07   3.989243e-07
6830   1.667480e-01   6.959020e-06   3.375917e-07   3.836853e-07
6840   1.669922e-01   6.881802e-06   3.298961e-07   3.687757e-07
6850   1.672363e-01   6.812435e-06   3.222688e-07   3.542046e-07
6860   1.674805e-01   6.748944e-06   3.147136e-07   3.399814e-07
6870   1.677246e-01   6.689945e-06   3.072353e-07   3.261148e-07
6880   1.679688e-01   6.634717e-06   2.998383e-07   3.126139e-07
6890   1.682129e-01   6.582055e-06   2.925264e-07   2.994878e-07
6900   1.684570e-01   6.531048e-06   2.853028e-07   2.867471e-07
6910   1.687012e-01   6.481096e-06   2.781712e-07   2.744039e-07
6920   1.689453e-01   6.432298e-06   2.711349e-07   2.624730e-07
6930   1.691895e-01   6.383462e-06   2.641968e-07   2.509690e-07
6940   1.694336e-01   6.334855e-06   2.573605e-07   2.399079e-07
6950   1.696777e-01   6.286025e-06   2.506285e-07   2.293064e-07
6960   1.699219e-01   6.237008e-06   2.440034e-07   2.191754e-07
6970   1.701660e-01   6.187309e-06   2.374881e-07   2.095081e-07
6980   1.704102e-01   6.136704e-06   2.310853e-07   2.002991e-07
6990   1.706543e-01   6.085614e-06   2.247975e-07   1.915426e-07
7000   1.708984e-01   6.033498e-06   2.186287e-07   1.832301e-07
7010   1.711426e-01   5.980669e-06   2.125816e-07   1.753542e-07
7020   1.713867e-01   5.926919e-06   2.066592e-07   1.679068e-07
7030   1.716309e-01   5.871961e-06   2.008650e-07   1.608822e-07
7040   1.718750e-01   5.816100e-06   1.952015e-07   1.542801e-07
7050   1.721191e-01   5.759237e-06   1.896737e-07   1.481042e-07
7060   1.723633e-01   5.701495e-06   1.842848e-07   1.423753e-07
7070   1.726074e-01   5.642765e-06   1.790395e-07   1.371194e-07
7080   1.728516e-01   5.583091e-06   1.739414e-07   1.324109e-07
7090   1.730957e-01   5.522307e-06   1.689955e-07   1.283446e-07
7100   1.733398e-01   5.460739e-06   1.642062e-07   1.249176e-07
7110   1.735840e-01   5.398344e-06   1.595822e-07   1.221445e-07
7120   1.738281e-01   5.335221e-06   1.551338e-07   1.200435e-07
7130   1.740723e-01   5.271354e-06   1.508487e-07   1.186253e-07
7140   1.743164e-01   5.206740e-06   1.467201e-07   1.178694e-07
7150   1.745605e-01   5.141462e-06   1.427453e-07   1.177466e-07
7160   1.748047e-01   5.075586e-06   1.389215e-07   1.181824e-07
7170   1.750488e-01   5.009439e-06   1.352464e-07   1.191069e-07
7180   1.752930e-01   4.942808e-06   1.317183e-07   1.204258e-07
7190   1.755371e-01   4.875821e-06   1.283354e-07   1.220599e-07
7200   1.757813e-01   4.808488e-06   1.250961e-07   1.239242e-07
7210   1.760254e-01   4.741085e-06   1.219998e-07   1.259553e-07
7220   1.762695e-01   4.673477e-06   1.190441e-07   1.280914e-07
7230   1.765137e-01   4.605980e-06   1.162268e-07   1.302901e-07
7240   1.767578e-01   4.538538e-06   1.135483e-07   1.325076e-07
7250   1.770020e-01   4.471205e-06   1.110068e-07   1.347172e-07
7260   1.772461e-01   4.403992e-06   1.086002e-07   1.368910e-07
7270   1.774902e-01   4.337152e-06   1.063289e-07   1.390136e-07
7280   1.777344e-01   4.270604e-06   1.041906e-07   1.410631e-07
7290   1.779785e-01   4.204738e-06   1.021852e-07   1.430319e-07
7300   1.782227e-01   4.139178e-06   1.003117e-07   1.449054e-07
7310   1.784668e-01   4.074507e-06   9.856906e-08   1.466786e-07
7320   1.787109e-01   4.010383e-06   9.695512e-08   1.483440e-07
7330   1.789551e-01   3.947016e-06   9.546979e-08   1.498967e-07
7340   1.791992e-01   3.884399e-06   9.411201e-08   1.513330e-07
7350   1.794434e-01   3.822479e-06   9.287928e-08   1.526496e-07
7360   1.796875e-01   3.761612e-06   9.177030e-08   1.538475e-07
7370   1.799316e-01   3.701424e-06   9.078577e-08   1.549219e-07
7380   1.801758e-01   3.642183e-06   8.992936e-08   1.558737e-07
7390   1.804199e-01   3.583885e-06   8.919100e-08   1.567042e-07
7400   1.806641e-01   3.526386e-06   8.855378e-08   1.574118e-07
7410   1.809082e-01   3.469894e-06   8.801035e-08   1.579984e-07
7420   1.811523e-01   3.414216e-06   8.754561e-08   1.584654e-07
7430   1.813965e-01   3.359385e-06   8.715295e-08   1.588134e-07
7440   1.816406e-01   3.305546e-06   8.681780e-08   1.590450e-07
7450   1.818848e-01   3.252523e-06   8.653397e-08   1.591621e-07
7460   1.821289e-01   3.200248e-06   8.629138e-08   1.591654e-07
7470   1.823730e-01   3.148867e-06   8.607823e-08   1.590592e-07
7480   1.826172e-01   3.098144e-06   8.589278e-08   1.588444e-07
7490   1.828613e-01   3.048054e-06   8.572183e-08   1.585243e-07
7500   1.831055e-01   2.998725e-06   8.556202e-08   1.581018e-07
7510   1.833496e-01   2.950059e-06   8.540776e-08   1.575782e-07
7520   1.835938e-01   2.901916e-06   8.525063e-08   1.569582e-07
7530   1.838379e-01   2.854342e-06   8.509224e-08   1.562426e-07
7540   1.840820e-01   2.807370e-06   8.492171e-08   1.554367e-07
7550   1.843262e-01   2.760945e-06   8.474256e-08   1.545416e-07
7560   1.845703e-01   2.714987e-06   8.454613e-08   1.535608e-07
7570   1.848145e-01   2.669528e-06   8.433326e-08   1.524973e-07
7580   1.850586e-01   2.624588e-06   8.410171e-08   1.513540e-07
7590   1.853027e-01   2.580331e-06   8.384834e-08   1.501343e-07
7600   1.855469e-01   2.536709e-06   8.357283e-08   1.488410e-07
7610   1.857910e-01   2.493654e-06   8.327440e-08   1.474771e-07
7620   1.860352e-01   2.451196e-06   8.295057e-08   1.460455e-07
7630   1.862793e-01   2.409243e-06   8.260330e-08   1.445496e-07
7640   1.865234e-01   2.367827e-06   8.222915e-08   1.429920e-07
7650   1.867676e-01   2.326830e-06   8.182886e-08   1.413756e-07
7660   1.870117e-01   2.286238e-06   8.140371e-08   1.397039e-07
7670   1.872559e-01   2.245964e-06   8.095134e-08   1.379793e-07
7680   1.875000e-01   2.205957e-06   8.047336e-08   1.362049e-07
7690   1.877441e-01   2.166310e-06   7.996963e-08   1.343833e-07
7700   1.879883e-01   2.126962e-06   7.943952e-08   1.325181e-07
7710   1.882324e-01   2.087892e-06   7.888457e-08   1.306108e-07
7720   1.884766e-01   2.049042e-06   7.830448e-08   1.286655e-07
7730   1.887207e-01   2.010460e-06   7.769887e-08   1.266839e-07
7740   1.889648e-01   1.972211e-06   7.706988e-08   1.246693e-07
7750   1.892090e-01   1.934201e-06   7.641723e-08   1.226240e-07
7760   1.894531e-01   1.896524e-06   7.574063e-08   1.205504e-07
7770   1.896973e-01   1.859415e-06   7.504216e-08   1.184516e-07
7780   1.899414e-01   1.822814e-06   7.432199e-08   1.163294e-07
7790   1.901855e-01   1.786655e-06   7.358030e-08   1.141869e-07
7800   1.904297e-01   1.750783e-06   7.281838e-08   1.120261e-07
7810   1.906738e-01   1.715163e-06   7.203685e-08   1.098493e-07
7820   1.909180e-01   1.679800e-06   7.123641e-08   1.076592e-07
7830   1.911621e-01   1.644693e-06   7.041745e-08   1.054574e-07
7840   1.914063e-01   1.609785e-06   6.958158e-08   1.032467e-07
7850   1.916504e-01   1.575129e-06   6.872911e-08   1.010289e-07
7860   1.918945e-01   1.540752e-06   6.786058e-08   9.880599e-08
7870   1.921387e-01   1.506675e-06   6.697742e-08   9.658059e-08
7880   1.923828e-01   1.472875e-06   6.608045e-08   9.435385e-08
7890   1.926270e-01   1.439335e-06   6.517035e-08   9.212835e-08
7900   1.928711e-01   1.406081e-06   6.424753e-08   8.990582e-08
7910   1.931152e-01   1.373123e-06   6.331360e-08   8.768787e-08
7920   1.933594e-01   1.340500e-06   6.236911e-08   8.547665e-08
7930   1.936035e-01   1.308267e-06   6.141483e-08   8.327359e-08
7940   1.938477e-01   1.276416e-06   6.045159e-08   8.108044e-08
7950   1.940918e-01   1.244950e-06   5.948041e-08   7.889922e-08
7960   1.943359e-01   1.213918e-06   5.850221e-08   7.673114e-08
7970   1.945801e-01   1.183356e-06   5.751758e-08   7.457770e-08
7980   1.948242e-01   1.153300e-06   5.652763e-08   7.244073e-08
7990   1.950684e-01   1.123809e-06   5.553281e-08   7.032158e-08
8000   1.953125e-01   1.094953e-06   5.453459e-08   6.822159e-08
8010   1.955566e-01   1.066787e-06   5.353320e-08   6.614250e-08
8020   1.958008e-01   1.039377e-06   5.252959e-08   6.408524e-08
8030   1.960449e-01   1.012826e-06   5.152469e-08   6.205127e-08
8040   1.962891e-01   9.872274e-07   5.051913e-08   6.004206e-08
8050   1.965332e-01   9.627112e-07   4.951389e-08   5.805891e-08
8060   1.967773e-01   9.394208e-07   4.850965e-08   5.610276e-08
8070   1.970215e-01   9.175151e-07   4.750687e-08   5.417504e-08
8080   1.972656e-01   8.972011e-07   4.650659e-08   5.227706e-08
8090   1.975098e-01   8.784151e-07   4.550941e-08   5.040970e-08
8100   1.977539e-01   8.610656e-07   4.451611e-08   4.857423e-08
8110   1.979980e-01   8.451114e-07   4.352737e-08   4.677201e-08
8120   1.982422e-01   8.304980e-07   4.254384e-08   4.500403e-08
8130   1.984863e-01   8.171274e-07   4.156597e-08   4.327131e-08
8140   1.987305e-01   8.048956e-07   4.059467e-08   4.157500e-08
8150   1.989746e-01   7.937072e-07   3.963050e-08   3.991642e-08
8160   1.992188e-01   7.834919e-07   3.867398e-08   3.829649e-08
8170   1.994629e-01   7.741163e-07   3.772582e-08   3.671634e-08
8180   1.997070e-01   7.654954e-07   3.678657e-08   3.517727e-08
8190   1.999512e-01   7.575533e-07   3.585678e-08   3.368039e-08
8200   2.001953e-01   7.501518e-07   3.493698e-08   3.222686e-08
8210   2.004395e-01   7.431258e-07   3.402771e-08   3.081801e-08
8220   2.006836e-01   7.364096e-07   3.312980e-08   2.945555e-08
8230   2.009277e-01   7.298882e-07   3.224368e-08   2.814141e-08
8240   2.011719e-01   7.235282e-07   3.137004e-08   2.687727e-08
8250   2.014160e-01   7.172770e-07   3.050947e-08   2.566499e-08
8260   2.016602e-01   7.110885e-07   2.966251e-08   2.450628e-08
8270   2.019043e-01   7.049310e-07   2.882976e-08   2.340217e-08
8280   2.021484e-01   6.987708e-07   2.801182e-08   2.235194e-08
8290   2.023926e-01   6.925892e-07   2.720875e-08   2.135471e-08
8300   2.026367e-01   6.863844e-07   2.642038e-08   2.040971e-08
8310   2.028809e-01   6.801055e-07   2.564669e-08   1.951608e-08
8320   2.031250e-01   6.737712e-07   2.488768e-08   1.867326e-08
8330   2.033691e-01   6.673773e-07   2.414346e-08   1.788095e-08
8340   2.036133e-01   6.609079e-07   2.341406e-08   1.713935e-08
8350   2.038574e-01   6.543613e-07   2.269969e-08   1.645006e-08
8360   2.041016e-01   6.477617e-07   2.200045e-08   1.581651e-08
8370   2.043457e-01   6.410656e-07   2.131654e-08   1.524487e-08
8380   2.045898e-01   6.342599e-07   2.064817e-08   1.474686e-08
8390   2.048340e-01   6.273519e-07   1.999565e-08   1.432308e-08
8400   2.050781e-01   6.203482e-07   1.935927e-08   1.397469e-08
8410   2.053223e-01   6.132381e-07   1.873938e-08   1.370489e-08
8420   2.055664e-01   6.060552e-07   1.813654e-08   1.351434e-08
8430   2.058105e-01   5.987797e-07   1.755135e-08   1.340351e-08
8440   2.060547e-01   5.914285e-07   1.698482e-08   1.336774e-08
8450   2.062988e-01   5.840046e-07   1.643748e-08   1.340241e-08
8460   2.065430e-01   5.765121e-07   1.590868e-08   1.349697e-08
8470   2.067871e-01   5.689710e-07   1.539827e-08   1.364423e-08
8480   2.070313e-01   5.613828e-07   1.490610e-08   1.383165e-08
8490   2.072754e-01   5.537553e-07   1.443220e-08   1.405144e-08
8500   2.075195e-01   5.461032e-07   1.397649e-08   1.429411e-08
8510   2.077637e-01   5.384250e-07   1.353890e-08   1.455301e-08
8520   2.080078e-01   5.307378e-07   1.311937e-08   1.482190e-08
8530   2.082520e-01   5.230393e-07   1.271784e-08   1.509544e-08
8540   2.084961e-01   5.153596e-07   1.233423e-08   1.537057e-08
8550   2.087402e-01   5.076868e-07   1.196861e-08   1.564315e-08
8560   2.089844e-01   5.000520e-07   1.162082e-08   1.591119e-08
8570   2.092285e-01   4.924432e-07   1.129079e-08   1.617222e-08
8580   2.094727e-01   4.848872e-07   1.097858e-08   1.642430e-08
8590   2.097168e-01   4.773959e-07   1.068422e-08   1.666677e-08
8600   2.099609e-01   4.699725e-07   1.040758e-08   1.689776e-08
8610   2.102051e-01   4.626309e-07   1.014884e-08   1.711697e-08
8620   2.104492e-01   4.553625e-07   9.907927e-09   1.732348e-08
8630   2.106934e-01   4.481854e-07   9.684918e-09   1.751654e-08
8640   2.109375e-01   4.410968e-07   9.479886e-09   1.769613e-08
8650   2.111816e-01   4.340928e-07   9.292702e-09   1.786179e-08
8660   2.114258e-01   4.272195e-07   9.123740e-09   1.801331e-08
8670   2.116699e-01   4.204083e-07   8.972488e-09   1.815052e-08
8680   2.119141e-01   4.137590e-07   8.839144e-09   1.827352e-08
8690   2.121582e-01   4.071779e-07   8.723353e-09   1.838215e-08
8700   2.124023e-01   4.007464e-07   8.625081e-09   1.847644e-08
8710   2.126465e-01   3.944212e-07   8.544578e-09   1.855668e-08
8720   2.128906e-01   3.881946e-07   8.481380e-09   1.862281e-08
8730   2.131348e-01   3.821140e-07   8.432852e-09   1.867501e-08
8740   2.133789e-01   3.761176e-07   8.397103e-09   1.871365e-08
8750   2.136230e-01   3.702373e-07   8.372194e-09   1.873871e-08
8760   2.138672e-01   3.644684e-07   8.356517e-09   1.875058e-08
8770   2.141113e-01   3.587915e-07   8.348110e-09   1.874947e-08
8780   2.143555e-01   3.532095e-07   8.345670e-09   1.873561e-08
8790   2.145996e-01   3.477303e-07   8.347735e-09   1.870939e-08
8800   2.148438e-01   3.423256e-07   8.353332e-09   1.867094e-08
8810   2.150879e-01   3.370176e-07   8.360732e-09   1.862074e-08
8820   2.153320e-01   3.317861e-07   8.369658e-09   1.855903e-08
8830   2.155762e-01   3.266315e-07   8.378806e-09   1.848612e-08
8840   2.158203e-01   3.215474e-07   8.387640e-09   1.840242e-08
8850   2.160645e-01   3.165434e-07   8.395647e-09   1.830813e-08
8860   2.163086e-01   3.115865e-07   8.402033e-09   1.820375e-08
8870   2.165527e-01   3.066874e-07   8.406847e-09   1.808944e-08
8880   2.167969e-01   3.018422e-07   8.409171e-09   1.796576e-08
8890   2.170410e-01   2.970455e-07   8.409298e-09   1.783284e-08
8900   2.172852e-01   2.923062e-07   8.406483e-09   1.769120e-08
8910   2.175293e-01   2.876171e-07   8.400861e-09   1.754102e-08
8920   2.177734e-01   2.829608e-07   8.392150e-09   1.738286e-08
8930   2.180176e-01   2.783354e-07   8.380200e-09   1.721686e-08
8940   2.182617e-01   2.737355e-07   8.365133e-09   1.704350e-08
8950   2.185059e-01   2.691585e-07   8.346622e-09   1.686299e-08
8960   2.187500e-01   2.646039e-07   8.324756e-09   1.667587e-08
8970   2.189941e-01   2.600694e-07   8.299586e-09   1.648226e-08
8980   2.192383e-01   2.555541e-07   8.270924e-09   1.628265e-08
8990   2.194824e-01   2.510569e-07   8.238949e-09   1.607725e-08
9000   2.197266e-01   2.465756e-07   8.203580e-09   1.586652e-08
9010   2.199707e-01   2.421123e-07   8.164781e-09   1.565063e-08
9020   2.202148e-01   2.376662e-07   8.122774e-09   1.543005e-08
9030   2.204590e-01   2.332384e-07   8.077471e-09   1.520497e-08
9040   2.207031e-01   2.288291e-07   8.028959e-09   1.497579e-08
9050   2.209473e-01   2.244420e-07   7.977371e-09   1.474275e-08
9060   2.211914e-01   2.200756e-07   7.922682e-09   1.450618e-08
9070   2.214355e-01   2.157393e-07   7.865010e-09   1.426638e-08
9080   2.216797e-01   2.114502e-07   7.804447e-09   1.402360e-08
9090   2.219238e-01   2.072184e-07   7.740986e-09   1.377820e-08
9100   2.221680e-01   2.030278e-07   7.674787e-09   1.353035e-08
9110   2.224121e-01   1.988717e-07   7.605975e-09   1.328044e-08
9120   2.226563e-01   1.947472e-07   7.534559e-09   1.302865e-08
9130   2.229004e-01   1.906560e-07   7.460687e-09   1.277526e-08
9140   2.231445e-01   1.865951e-07   7.384418e-09   1.252057e-08
9150   2.233887e-01   1.825639e-07   7.305874e-09   1.226475e-08
9160   2.236328e-01   1.785638e-07   7.225138e-09   1.200814e-08
9170   2.238770e-01   1.745938e-07   7.142334e-09   1.175090e-08
9180   2.241211e-01   1.706558e-07   7.057581e-09   1.149329e-08
9190   2.243652e-01   1.667498e-07   6.970923e-09   1.123556e-08
9200   2.246094e-01   1.628777e-07   6.882499e-09   1.097787e-08
9210   2.248535e-01   1.590406e-07   6.792434e-09   1.072052e-08
9220   2.250977e-01   1.552389e-07   6.700815e-09   1.046364e-08
9230   2.253418e-01   1.514797e-07   6.607747e-09   1.020747e-08
9240   2.255859e-01   1.477603e-07   6.513320e-09   9.952223e-09
9250   2.258301e-01   1.440852e-07   6.417707e-09   9.698049e-09
9260   2.260742e-01   1.404551e-07   6.320934e-09   9.445184e-09
9270   2.263184e-01   1.368760e-07   6.223150e-09   9.193774e-09
9280   2.265625e-01   1.333528e-07   6.124457e-09   8.944002e-09
9290   2.268066e-01   1.298960e-07   6.024964e-09   8.696067e-09
9300   2.270508e-01   1.265078e-07   5.924721e-09   8.450096e-09
9310   2.272949e-01   1.231939e-07   5.823928e-09   8.206275e-09
9320   2.275391e-01   1.199609e-07   5.722603e-09   7.964763e-09
9330   2.277832e-01   1.168192e-07   5.620878e-09   7.725700e-09
9340   2.280273e-01   1.137800e-07   5.518863e-09   7.489242e-09
9350   2.282715e-01   1.108521e-07   5.416614e-09   7.255540e-09
9360   2.285156e-01   1.080525e-07   5.314289e-09   7.024714e-09
9370   2.287598e-01   1.053971e-07   5.211926e-09   6.796928e-09
9380   2.290039e-01   1.029018e-07   5.109656e-09   6.572296e-09
9390   2.292480e-01   1.005892e-07   5.007541e-09   6.350956e-09
9400   2.294922e-01   9.848648e-08   4.905674e-09   6.133038e-09
9410   2.297363e-01   9.661054e-08   4.804179e-09   5.918664e-09
9420   2.299805e-01   9.493667e-08   4.703085e-09   5.707950e-09
9430   2.302246e-01   9.344308e-08   4.602510e-09   5.501031e-09
9440   2.304688e-01   9.211132e-08   4.502515e-09   5.298012e-09
9450   2.307129e-01   9.092113e-08   4.403165e-09   5.099014e-09
9460   2.309570e-01   8.985661e-08   4.304552e-09   4.904161e-09
9470   2.312012e-01   8.889852e-08   4.206739e-09   4.713563e-09
9480   2.314453e-01   8.803726e-08   4.109780e-09   4.527331e-09
9490   2.316895e-01   8.724147e-08   4.013735e-09   4.345589e-09
9500   2.319336e-01   8.650031e-08   3.918671e-09   4.168441e-09
9510   2.321777e-01   8.580166e-08   3.824638e-09   3.996010e-09
9520   2.324219e-01   8.512787e-08   3.731689e-09   3.828408e-09
9530   2.326660e-01   8.447533e-08   3.639864e-09   3.665777e-09
9540   2.329102e-01   8.383582e-08   3.549217e-09   3.508281e-09
9550   2.331543e-01   8.320549e-08   3.459788e-09   3.356104e-09
9560   2.333984e-01   8.257584e-08   3.371615e-09   3.209445e-09
9570   2.336426e-01   8.194738e-08   3.284738e-09   3.068503e-09
9580   2.338867e-01   8.131498e-08   3.199201e-09   2.933520e-09
9590   2.341309e-01   8.067926e-08   3.115044e-09   2.804542e-09
9600   2.343750e-01   8.003260e-08   3.032313e-09   2.681491e-09
9610   2.346191e-01   7.937661e-08   2.951043e-09   2.564271e-09
9620   2.348633e-01   7.871007e-08   2.871268e-09   2.452801e-09
9630   2.351074e-01   7.803184e-08   2.793025e-09   2.346989e-09
9640   2.353516e-01   7.734371e-08   2.716385e-09   2.246714e-09
9650   2.355957e-01   7.664239e-08   2.641374e-09   2.151889e-09
9660   2.358398e-01   7.592608e-08   2.568029e-09   2.062441e-09
9670   2.360840e-01   7.519669e-08   2.496416e-09   1.978403e-09
9680   2.363281e-01   7.445556e-08   2.426575e-09   1.899841e-09
9690   2.365723e-01   7.370178e-08   2.358561e-09   1.827008e-09
9700   2.368164e-01   7.293516e-08   2.292440e-09   1.760401e-09
9710   2.370605e-01   7.215578e-08   2.228250e-09   1.701044e-09
9720   2.373047e-01   7.136186e-08   2.166070e-09   1.649876e-09
9730   2.375488e-01   7.055881e-08   2.105961e-09   1.606763e-09
9740   2.377930e-01   6.974454e-08   2.048091e-09   1.571951e-09
9750   2.380371e-01   6.892056e-08   1.992417e-09   1.545688e-09
9760   2.382813e-01   6.808762e-08   1.938784e-09   1.527962e-09
9770   2.385254e-01   6.724400e-08   1.887145e-09   1.518677e-09
9780   2.387695e-01   6.639351e-08   1.837450e-09   1.517255e-09
9790   2.390137e-01   6.553557e-08   1.789673e-09   1.522959e-09
9800   2.392578e-01   6.467338e-08   1.743782e-09   1.534702e-09
9810   2.395020e-01   6.380492e-08   1.699758e-09   1.551430e-09
9820   2.397461e-01   6.293243e-08   1.657571e-09   1.572096e-09
9830   2.399902e-01   6.205628e-08   1.617205e-09   1.595658e-09
9840   2.402344e-01   6.117853e-08   1.578643e-09   1.621298e-09
9850   2.404785e-01   6.030001e-08   1.541864e-09   1.648270e-09
9860   2.407227e-01   5.942248e-08   1.506845e-09   1.676006e-09
9870   2.409668e-01   5.854558e-08   1.473559e-09   1.703985e-09
9880   2.412109e-01   5.766946e-08   1.442012e-09   1.731839e-09
9890   2.414551e-01   5.679643e-08   1.412179e-09   1.759250e-09
9900   2.416992e-01   5.592816e-08   1.384022e-09   1.785970e-09
9910   2.419434e-01   5.506497e-08   1.357568e-09   1.811794e-09
9920   2.421875e-01   5.420918e-08   1.332763e-09   1.836532e-09
9930   2.424316e-01   5.335855e-08   1.309632e-09   1.860090e-09
9940   2.426758e-01   5.252021e-08   1.288123e-09   1.882341e-09
9950   2.429199e-01   5.168728e-08   1.268243e-09   1.903247e-09
9960   2.431641e-01   5.086529e-08   1.249946e-09   1.922682e-09
9970   2.434082e-01   5.005260e-08   1.233264e-09   1.940638e-09
9980   2.436523e-01   4.924968e-08   1.218116e-09   1.957076e-09
9990   2.438965e-01   4.845964e-08   1.204529e-09   1.971978e-09
10000   2.441406e-01   4.767836e-08   1.192498e-09   1.985315e-09
10010   2.443848e-01   4.691058e-08   1.182055e-09   1.997083e-09
10020   2.446289e-01   4.615398e-08   1.172971e-09   2.007309e-09
10030   2.448730e-01   4.540789e-08   1.165110e-09   2.015961e-09
10040   2.451172e-01   4.467500e-08   1.158338e-09   2.023071e-09
10050   2.453613e-01   4.395270e-08   1.152503e-09   2.028662e-09
10060   2.456055e-01   4.324186e-08   1.147514e-09   2.032726e-09
10070   2.458496e-01   4.254400e-08   1.143187e-09   2.035313e-09
10080   2.460938e-01   4.185581e-08   1.139450e-09   2.036440e-09
10090   2.463379e-01   4.117790e-08   1.136183e-09   2.036114e-09
10100   2.465820e-01   4.051114e-08   1.133268e-09   2.034400e-09
10110   2.468262e-01   3.985264e-08   1.130619e-09   2.031298e-09
10120   2.470703e-01   3.920335e-08   1.128145e-09   2.026860e-09
10130   2.473145e-01   3.856370e-08   1.125779e-09   2.021114e-09
10140   2.475586e-01   3.793218e-08   1.123451e-09   2.014088e-09
10150   2.478027e-01   3.730812e-08   1.121080e-09   2.005832e-09
10160   2.480469e-01   3.669162e-08   1.118649e-09   1.996362e-09
10170   2.482910e-01   3.608313e-08   1.116066e-09   1.985743e-09
10180   2.485352e-01   3.548153e-08   1.113350e-09   1.973987e-09
10190   2.487793e-01   3.488666e-08   1.110406e-09   1.961149e-09
10200   2.490234e-01   3.429825e-08   1.107247e-09   1.947255e-09
10210   2.492676e-01   3.371745e-08   1.103835e-09   1.932355e-09
10220   2.495117e-01   3.314536e-08   1.100138e-09   1.916480e-09
10230   2.497559e-01   3.258197e-08   1.096165e-09   1.899675e-09
10240   2.500000e-01   3.202684e-08   1.091884e-09   1.881971e-09
10250   2.502441e-01   3.148029e-08   1.087277e-09   1.863414e-09
10260   2.504883e-01   3.094086e-08   1.082374e-09   1.844037e-09
10270   2.507324e-01   3.040867e-08   1.077126e-09   1.823884e-09
10280   2.509766e-01   2.988204e-08   1.071551e-09   1.802984e-09
10290   2.512207e-01   2.936107e-08   1.065644e-09   1.781387e-09
10300   2.514648e-01   2.884459e-08   1.059399e-09   1.759117e-09
10310   2.517090e-01   2.833191e-08   1.052830e-09   1.736222e-09
10320   2.519531e-01   2.782416e-08   1.045931e-09   1.712729e-09
10330   2.521973e-01   2.732059e-08   1.038694e-09   1.688686e-09
10340   2.524414e-01   2.682033e-08   1.031146e-09   1.664114e-09
10350   2.526855e-01   2.632312e-08   1.023279e-09   1.639062e-09
10360   2.529297e-01   2.582951e-08   1.015088e-09   1.613554e-09
10370   2.531738e-01   2.534042e-08   1.006602e-09   1.587630e-09
10380   2.534180e-01   2.485448e-08   9.978153e-10   1.561323e-09
10390   2.536621e-01   2.437339e-08   9.887280e-10   1.534660e-09
10400   2.539063e-01   2.390027e-08   9.793657e-10   1.507684e-09
10410   2.541504e-01   2.343408e-08   9.697296e-10   1.480415e-09
10420   2.543945e-01   2.297248e-08   9.598196e-10   1.452893e-09
10430   2.546387e-01   2.251447e-08   9.496578e-10   1.425145e-09
10440   2.548828e-01   2.205972e-08   9.392496e-10   1.397198e-09
10450   2.551270e-01   2.160815e-08   9.286007e-10   1.369091e-09
10460   2.553711e-01   2.115978e-08   9.177233e-10   1.340839e-09
10470   2.556152e-01   2.071387e-08   9.066317e-10   1.312480e-09
10480   2.558594e-01   2.027131e-08   8.953348e-10   1.284037e-09
10490   2.561035e-01   1.983273e-08   8.838352e-10   1.255535e-09
10500   2.563477e-01   1.939749e-08   8.721540e-10   1.227008e-09
10510   2.565918e-01   1.896574e-08   8.603003e-10   1.198470e-09
10520   2.568359e-01   1.853725e-08   8.482839e-10   1.169955e-09
10530   2.570801e-01   1.811246e-08   8.361085e-10   1.141484e-09
10540   2.573242e-01   1.769162e-08   8.237966e-10   1.113078e-09
10550   2.575684e-01   1.727541e-08   8.113529e-10   1.084765e-09
10560   2.578125e-01   1.686371e-08   7.987905e-10   1.056561e-09
10570   2.580566e-01   1.645708e-08   7.861163e-10   1.028490e-09
10580   2.583008e-01   1.605548e-08   7.733477e-10   1.000578e-09
10590   2.585449e-01   1.565942e-08   7.604924e-10   9.728411e-10
10600   2.587891e-01   1.526924e-08   7.475598e-10   9.452962e-10
10610   2.590332e-01   1.488585e-08   7.345632e-10   9.179679e-10
10620   2.592773e-01   1.450976e-08   7.215090e-10   8.908734e-10
10630   2.595215e-01   1.414189e-08   7.084162e-10   8.640301e-10
10640   2.597656e-01   1.378307e-08   6.952871e-10   8.374592e-10
10650   2.600098e-01   1.343415e-08   6.821342e-10   8.111739e-10
10660   2.602539e-01   1.309639e-08   6.689692e-10   7.851924e-10
10670   2.604980e-01   1.277105e-08   6.557993e-10   7.595323e-10
10680   2.607422e-01   1.245977e-08   6.426387e-10   7.342127e-10
10690   2.609863e-01   1.216424e-08   6.294935e-10   7.092442e-10
10700   2.612305e-01   1.188664e-08   6.163720e-10   6.846445e-10
10710   2.614746e-01   1.162880e-08   6.032862e-10   6.604317e-10
10720   2.617188e-01   1.138915e-08   5.902439e-10   6.366175e-10
10730   2.619629e-01   1.116650e-08   5.772545e-10   6.132164e-10
10740   2.622070e-01   1.096000e-08   5.643280e-10   5.902470e-10
10750   2.624512e-01   1.076928e-08   5.514710e-10   5.677231e-10
10760   2.626953e-01   1.059382e-08   5.386902e-10   5.456560e-10
10770   2.629395e-01   1.043224e-08   5.259972e-10   5.240628e-10
10780   2.631836e-01   1.028342e-08   5.133982e-10   5.029582e-10
10790   2.634277e-01   1.014612e-08   5.009003e-10   4.823562e-10
10800   2.636719e-01   1.001937e-08   4.885119e-10   4.622705e-10
10802 2.637207e-01 9.995164e-09 4.860481e-10 4.583170e-10
