TITLE = "Cavity Iterative Residual History"
variables="Iteration""Time(s)""Res1""Res2""Res3"
1   2.441406e-04   1.190212e-01   1.611516e+00   1.695361e+00
10   2.441406e-03   2.851147e-01   5.064918e-01   6.194693e-01
20   4.882813e-03   3.386608e-01   5.174332e-01   6.407967e-01
30   7.324219e-03   3.433858e-01   4.683866e-01   5.796968e-01
40   9.765625e-03   3.124113e-01   4.376203e-01   5.338630e-01
50   1.220703e-02   2.984900e-01   4.068348e-01   5.066836e-01
60   1.464844e-02   2.953772e-01   3.943181e-01   4.928849e-01
70   1.708984e-02   3.006086e-01   3.874134e-01   4.834295e-01
80   1.953125e-02   3.090771e-01   3.826875e-01   4.746910e-01
90   2.197266e-02   3.217508e-01   3.798740e-01   4.675299e-01
100   2.441406e-02   3.378622e-01   3.784403e-01   4.598025e-01
110   2.685547e-02   3.560481e-01   3.773811e-01   4.529227e-01
120   2.929688e-02   3.792771e-01   3.779255e-01   4.469678e-01
130   3.173828e-02   4.732910e-01   3.802697e-01   4.417964e-01
140   3.417969e-02   2.547732e+00   3.876039e-01   4.410003e-01
150   3.662109e-02   4.306051e-01   4.029275e-01   4.464859e-01
160   3.906250e-02   4.645994e-01   4.252950e-01   4.529005e-01
170   4.150391e-02   5.160450e-01   4.583195e-01   4.537410e-01
180   4.394531e-02   5.827339e-01   4.801896e-01   4.279932e-01
190   4.638672e-02   7.816801e-01   4.074732e-01   3.476059e-01
200   4.882813e-02   8.990111e-01   4.653617e-01   5.563526e-01
210   5.117104e-02   1.358676e+00   8.179281e-01   9.389810e-01
220   5.292888e-02   5.138702e+00   2.493544e+00   2.670333e+00
230   5.418547e-02   5.204911e+00   2.644808e+00   3.612335e+00
240   5.572643e-02   3.717198e+00   1.087367e+00   2.229587e+00
250   5.773267e-02   1.515251e+00   4.980738e-01   8.795753e-01
260   6.012118e-02   2.101204e+00   2.525267e-01   2.531459e-01
270   6.256259e-02   5.710317e-01   1.821148e-01   2.093921e-01
280   6.500399e-02   5.666444e-01   1.724348e-01   1.920331e-01
290   6.744540e-02   5.708525e-01   1.646029e-01   1.795042e-01
300   6.988681e-02   5.417098e-01   1.558839e-01   1.698810e-01
310   7.232821e-02   5.340799e-01   1.446902e-01   1.607879e-01
320   7.476962e-02   5.004825e-01   1.317754e-01   1.517782e-01
330   7.721103e-02   4.454477e-01   1.176374e-01   1.457707e-01
340   7.965243e-02   3.854427e-01   1.053779e-01   1.485094e-01
350   8.209384e-02   3.243665e-01   1.050473e-01   1.594573e-01
360   8.453524e-02   2.639622e-01   1.255494e-01   1.721979e-01
370   8.697665e-02   2.100336e-01   1.476411e-01   1.789144e-01
380   8.941806e-02   1.801736e-01   1.545609e-01   1.775231e-01
390   9.185946e-02   1.719623e-01   1.505002e-01   1.680120e-01
400   9.430087e-02   1.624714e-01   1.433918e-01   1.503555e-01
410   9.674228e-02   1.552156e-01   1.317424e-01   1.269401e-01
420   9.918368e-02   1.606328e-01   1.171389e-01   1.022284e-01
430   1.016251e-01   1.768517e-01   1.044199e-01   8.388362e-02
440   1.040665e-01   1.879056e-01   9.655469e-02   7.497887e-02
450   1.065079e-01   1.774569e-01   1.003705e-01   7.832250e-02
460   1.089493e-01   1.604215e-01   1.021599e-01   8.291401e-02
470   1.113907e-01   1.409534e-01   1.001144e-01   8.372180e-02
480   1.138321e-01   1.302902e-01   9.520765e-02   8.374012e-02
490   1.162735e-01   1.321615e-01   9.098138e-02   8.509880e-02
500   1.187149e-01   1.322872e-01   8.819564e-02   8.676075e-02
510   1.211563e-01   1.222864e-01   8.686727e-02   8.705637e-02
520   1.235977e-01   1.078979e-01   8.541074e-02   8.619563e-02
530   1.260392e-01   9.874762e-02   8.413539e-02   8.522508e-02
540   1.284806e-01   9.609392e-02   8.193062e-02   8.319652e-02
550   1.309220e-01   9.629916e-02   7.734377e-02   8.038068e-02
560   1.333634e-01   9.687510e-02   7.135388e-02   7.802946e-02
570   1.358048e-01   9.561623e-02   6.583836e-02   7.676476e-02
580   1.382462e-01   9.225260e-02   6.259370e-02   7.694195e-02
590   1.406876e-01   8.877168e-02   6.030604e-02   7.748352e-02
600   1.431290e-01   8.809368e-02   5.824516e-02   7.724553e-02
610   1.455704e-01   9.011612e-02   5.625018e-02   7.513102e-02
620   1.480118e-01   9.398908e-02   5.513519e-02   7.114864e-02
630   1.504532e-01   9.631997e-02   5.590162e-02   6.644202e-02
640   1.528946e-01   9.459668e-02   5.846086e-02   6.190223e-02
650   1.553360e-01   8.843682e-02   6.189682e-02   5.862038e-02
660   1.577774e-01   8.006822e-02   6.490650e-02   5.580287e-02
670   1.602188e-01   7.591509e-02   6.692113e-02   5.261896e-02
680   1.626602e-01   9.246212e-02   6.761615e-02   4.941727e-02
690   1.651017e-01   1.403022e-01   6.688520e-02   4.666651e-02
700   1.675431e-01   2.132524e-01   6.530025e-02   4.484976e-02
710   1.699845e-01   2.930980e-01   6.343780e-02   4.364901e-02
720   1.724259e-01   3.432276e-01   6.099515e-02   4.277161e-02
730   1.748673e-01   3.168603e-01   5.812431e-02   4.233066e-02
740   1.773087e-01   2.096938e-01   5.514410e-02   4.253721e-02
750   1.797501e-01   9.492701e-02   5.226074e-02   4.319103e-02
760   1.821915e-01   9.512139e-02   4.951933e-02   4.392866e-02
770   1.846329e-01   1.285495e-01   4.713562e-02   4.438813e-02
780   1.870743e-01   1.414775e-01   4.515955e-02   4.433698e-02
790   1.895157e-01   1.419959e-01   4.339728e-02   4.368047e-02
800   1.919571e-01   1.405621e-01   4.144031e-02   4.248019e-02
810   1.943985e-01   1.410810e-01   3.891449e-02   4.080274e-02
820   1.968399e-01   1.424915e-01   3.570258e-02   3.872014e-02
830   1.992813e-01   1.416799e-01   3.223888e-02   3.658568e-02
840   2.017227e-01   1.357354e-01   2.940557e-02   3.513777e-02
850   2.041642e-01   1.237820e-01   2.840514e-02   3.514796e-02
860   2.066056e-01   1.071251e-01   3.006163e-02   3.701735e-02
870   2.090470e-01   8.803386e-02   3.393555e-02   4.045413e-02
880   2.114884e-01   6.896300e-02   3.823385e-02   4.447749e-02
890   2.139298e-01   5.870864e-02   4.100103e-02   4.774545e-02
900   2.163712e-01   7.300696e-02   4.159329e-02   4.922456e-02
910   2.188126e-01   8.916367e-02   4.097515e-02   4.899484e-02
920   2.212540e-01   9.761432e-02   4.080325e-02   4.816730e-02
930   2.236954e-01   9.649135e-02   4.129121e-02   4.720683e-02
940   2.261368e-01   8.550034e-02   4.175967e-02   4.624009e-02
950   2.285782e-01   6.580180e-02   4.255497e-02   4.577582e-02
960   2.310196e-01   4.130034e-02   4.339115e-02   4.632259e-02
970   2.334610e-01   2.711837e-02   4.294461e-02   4.638471e-02
980   2.359024e-01   3.795870e-02   4.106477e-02   4.511120e-02
990   2.383438e-01   5.795367e-02   3.821739e-02   4.229280e-02
1000   2.407852e-01   7.221796e-02   3.510123e-02   3.806049e-02
1010   2.432267e-01   7.844579e-02   3.213406e-02   3.281138e-02
1020   2.456681e-01   7.796853e-02   2.988630e-02   2.716481e-02
1030   2.481095e-01   7.341144e-02   2.871324e-02   2.216576e-02
1040   2.505509e-01   6.721074e-02   2.851419e-02   1.933311e-02
1050   2.529923e-01   6.100947e-02   2.848875e-02   1.826674e-02
1060   2.554337e-01   5.547194e-02   2.824103e-02   1.877474e-02
1070   2.578751e-01   5.087852e-02   2.725057e-02   2.098255e-02
1080   2.603165e-01   4.753239e-02   2.540402e-02   2.327712e-02
1090   2.627579e-01   4.523206e-02   2.285941e-02   2.485529e-02
1100   2.651993e-01   4.338919e-02   2.047862e-02   2.567566e-02
1110   2.676407e-01   4.154819e-02   1.891649e-02   2.569585e-02
1120   2.700821e-01   3.984886e-02   1.800749e-02   2.521450e-02
1130   2.725235e-01   3.851819e-02   1.749951e-02   2.469670e-02
1140   2.749649e-01   3.840822e-02   1.770408e-02   2.453644e-02
1150   2.774063e-01   4.092069e-02   1.882719e-02   2.474187e-02
1160   2.798477e-01   4.685404e-02   2.056458e-02   2.552937e-02
1170   2.822892e-01   5.569470e-02   2.250920e-02   2.684748e-02
1180   2.847306e-01   6.639769e-02   2.431349e-02   2.825946e-02
1190   2.871720e-01   7.652029e-02   2.576011e-02   2.930071e-02
1200   2.896134e-01   8.329261e-02   2.650628e-02   2.962885e-02
1210   2.920548e-01   8.343945e-02   2.642291e-02   2.914534e-02
1220   2.944962e-01   7.480814e-02   2.558873e-02   2.795985e-02
1230   2.969376e-01   5.833220e-02   2.414379e-02   2.625800e-02
1240   2.993790e-01   3.933573e-02   2.229520e-02   2.425428e-02
1250   3.018204e-01   2.831427e-02   2.022373e-02   2.213375e-02
1260   3.042618e-01   3.090950e-02   1.825954e-02   2.002082e-02
1270   3.067032e-01   3.793380e-02   1.653441e-02   1.803352e-02
1280   3.091446e-01   4.282644e-02   1.514193e-02   1.631866e-02
1290   3.115860e-01   4.481418e-02   1.408450e-02   1.501191e-02
1300   3.140274e-01   4.474423e-02   1.339369e-02   1.417230e-02
1310   3.164688e-01   4.355102e-02   1.288079e-02   1.349183e-02
1320   3.189102e-01   4.176677e-02   1.231255e-02   1.286428e-02
1330   3.213517e-01   3.951536e-02   1.166515e-02   1.261795e-02
1340   3.237931e-01   3.675551e-02   1.118216e-02   1.297009e-02
1350   3.262345e-01   3.350270e-02   1.119366e-02   1.372673e-02
1360   3.286759e-01   2.995702e-02   1.147445e-02   1.471534e-02
1370   3.311173e-01   2.657877e-02   1.190125e-02   1.580365e-02
1380   3.335587e-01   2.431102e-02   1.232772e-02   1.681640e-02
1390   3.360001e-01   2.419690e-02   1.252831e-02   1.757930e-02
1400   3.384415e-01   2.498354e-02   1.243475e-02   1.804971e-02
1410   3.408829e-01   2.502840e-02   1.220206e-02   1.833027e-02
1420   3.433243e-01   2.363971e-02   1.205214e-02   1.855505e-02
1430   3.457657e-01   2.075316e-02   1.199631e-02   1.863389e-02
1440   3.482071e-01   1.687252e-02   1.206177e-02   1.852859e-02
1450   3.506485e-01   1.391700e-02   1.242443e-02   1.828766e-02
1460   3.530899e-01   1.342856e-02   1.296297e-02   1.796416e-02
1470   3.555313e-01   1.465398e-02   1.342705e-02   1.759005e-02
1480   3.579727e-01   1.876694e-02   1.365744e-02   1.708018e-02
1490   3.604142e-01   2.339616e-02   1.361688e-02   1.630032e-02
1500   3.628556e-01   2.661227e-02   1.337148e-02   1.522234e-02
1510   3.652970e-01   2.793912e-02   1.306886e-02   1.391066e-02
1520   3.677384e-01   2.765664e-02   1.279554e-02   1.250063e-02
1530   3.701798e-01   2.629547e-02   1.257907e-02   1.105741e-02
1540   3.726212e-01   2.444308e-02   1.240979e-02   9.679875e-03
1550   3.750626e-01   2.256959e-02   1.218827e-02   8.505367e-03
1560   3.775040e-01   2.094248e-02   1.178927e-02   7.575678e-03
1570   3.799454e-01   1.969489e-02   1.114466e-02   6.893771e-03
1580   3.823868e-01   1.879236e-02   1.024488e-02   6.420378e-03
1590   3.848282e-01   1.814337e-02   9.129486e-03   6.246754e-03
1600   3.872696e-01   1.770365e-02   7.932062e-03   6.449742e-03
1610   3.897110e-01   1.749546e-02   6.850111e-03   6.823174e-03
1620   3.921524e-01   1.764303e-02   6.062628e-03   7.225114e-03
1630   3.945938e-01   1.829951e-02   5.623845e-03   7.749296e-03
1640   3.970352e-01   1.932692e-02   5.411193e-03   8.389788e-03
1650   3.994767e-01   2.055069e-02   5.480956e-03   9.122732e-03
1660   4.019181e-01   2.180544e-02   5.788202e-03   9.873520e-03
1670   4.043595e-01   2.287035e-02   6.262504e-03   1.054492e-02
1680   4.068009e-01   2.342455e-02   6.776328e-03   1.105103e-02
1690   4.092423e-01   2.311181e-02   7.222203e-03   1.134435e-02
1700   4.116837e-01   2.172692e-02   7.602306e-03   1.141686e-02
1710   4.141251e-01   1.922942e-02   7.927102e-03   1.128969e-02
1720   4.165665e-01   1.587166e-02   8.210709e-03   1.100754e-02
1730   4.190079e-01   1.246144e-02   8.431316e-03   1.062278e-02
1740   4.214493e-01   9.785564e-03   8.571787e-03   1.016900e-02
1750   4.238907e-01   8.751137e-03   8.637281e-03   9.683114e-03
1760   4.263321e-01   9.266909e-03   8.650766e-03   9.208958e-03
1770   4.287735e-01   1.008850e-02   8.612814e-03   8.776965e-03
1780   4.312149e-01   1.065686e-02   8.510163e-03   8.391817e-03
1790   4.336563e-01   1.087013e-02   8.315461e-03   8.034910e-03
1800   4.360977e-01   1.078231e-02   7.999322e-03   7.679241e-03
1810   4.385392e-01   1.055866e-02   7.554274e-03   7.293851e-03
1820   4.409806e-01   1.040139e-02   6.994829e-03   6.845606e-03
1830   4.434220e-01   1.045283e-02   6.357833e-03   6.351717e-03
1840   4.458634e-01   1.075291e-02   5.683128e-03   5.839334e-03
1850   4.483048e-01   1.124026e-02   5.022690e-03   5.356718e-03
1860   4.507462e-01   1.173770e-02   4.443552e-03   4.974199e-03
1870   4.531876e-01   1.208882e-02   3.995558e-03   4.754658e-03
1880   4.556290e-01   1.217721e-02   3.641359e-03   4.697535e-03
1890   4.580704e-01   1.191839e-02   3.368493e-03   4.754400e-03
1900   4.605118e-01   1.127180e-02   3.212317e-03   4.904114e-03
1910   4.629532e-01   1.025929e-02   3.248898e-03   5.223286e-03
1920   4.653946e-01   9.040615e-03   3.476110e-03   5.721756e-03
1930   4.678360e-01   8.137860e-03   3.798424e-03   6.283798e-03
1940   4.702774e-01   8.113413e-03   4.159776e-03   6.813772e-03
1950   4.727188e-01   8.523750e-03   4.508195e-03   7.275495e-03
1960   4.751602e-01   8.959448e-03   4.798710e-03   7.641571e-03
1970   4.776017e-01   9.476810e-03   5.003554e-03   7.887299e-03
1980   4.800431e-01   9.959845e-03   5.116459e-03   7.993921e-03
1990   4.824845e-01   1.020076e-02   5.152083e-03   7.952623e-03
2000   4.849259e-01   1.011038e-02   5.151078e-03   7.766155e-03
2010   4.873673e-01   9.704163e-03   5.157396e-03   7.448222e-03
2020   4.898087e-01   9.084742e-03   5.183920e-03   7.020190e-03
2030   4.922501e-01   8.414251e-03   5.229098e-03   6.506625e-03
2040   4.946915e-01   7.854475e-03   5.263246e-03   5.930854e-03
2050   4.971329e-01   7.483559e-03   5.246174e-03   5.311372e-03
2060   4.995743e-01   7.281188e-03   5.148436e-03   4.662249e-03
2070   5.020157e-01   7.250311e-03   4.955690e-03   4.001992e-03
2080   5.044571e-01   7.343651e-03   4.665910e-03   3.354394e-03
2090   5.068985e-01   7.486401e-03   4.287408e-03   2.762227e-03
2100   5.093399e-01   7.614841e-03   3.838459e-03   2.331939e-03
2110   5.117813e-01   7.709215e-03   3.346893e-03   2.174953e-03
2120   5.142227e-01   7.795006e-03   2.863502e-03   2.199972e-03
2130   5.166642e-01   7.858019e-03   2.463733e-03   2.341699e-03
2140   5.191056e-01   7.889985e-03   2.186748e-03   2.644974e-03
2150   5.215470e-01   7.881566e-03   2.029792e-03   3.066557e-03
2160   5.239884e-01   7.816543e-03   1.978623e-03   3.521893e-03
2170   5.264298e-01   7.674341e-03   2.025388e-03   3.949794e-03
2180   5.288712e-01   7.434298e-03   2.150184e-03   4.313836e-03
2190   5.313126e-01   7.083293e-03   2.319976e-03   4.596085e-03
2200   5.337540e-01   6.622018e-03   2.529563e-03   4.791285e-03
2210   5.361954e-01   6.065266e-03   2.761944e-03   4.903792e-03
2220   5.386368e-01   5.441743e-03   2.971797e-03   4.941569e-03
2230   5.410782e-01   4.804229e-03   3.148482e-03   4.910523e-03
2240   5.435196e-01   4.187730e-03   3.295058e-03   4.822808e-03
2250   5.459610e-01   3.634375e-03   3.411561e-03   4.693558e-03
2260   5.484024e-01   3.215329e-03   3.490798e-03   4.535953e-03
2270   5.508438e-01   3.064325e-03   3.529862e-03   4.359325e-03
2280   5.532852e-01   3.196124e-03   3.525752e-03   4.168467e-03
2290   5.557267e-01   3.482058e-03   3.475122e-03   3.963585e-03
2300   5.581681e-01   3.840927e-03   3.376382e-03   3.742178e-03
2310   5.606095e-01   4.232373e-03   3.232955e-03   3.502018e-03
2320   5.630509e-01   4.624637e-03   3.049542e-03   3.239595e-03
2330   5.654923e-01   4.986670e-03   2.834051e-03   2.955210e-03
2340   5.679337e-01   5.288673e-03   2.596609e-03   2.654051e-03
2350   5.703751e-01   5.504248e-03   2.351608e-03   2.344345e-03
2360   5.728165e-01   5.614245e-03   2.112548e-03   2.044637e-03
2370   5.752579e-01   5.608996e-03   1.888945e-03   1.780568e-03
2380   5.776993e-01   5.489959e-03   1.691362e-03   1.588838e-03
2390   5.801407e-01   5.274232e-03   1.528395e-03   1.507832e-03
2400   5.825821e-01   4.997198e-03   1.405606e-03   1.554905e-03
2410   5.850235e-01   4.719088e-03   1.325181e-03   1.710562e-03
2420   5.874649e-01   4.553768e-03   1.285258e-03   1.933845e-03
2430   5.899063e-01   4.576035e-03   1.279708e-03   2.216166e-03
2440   5.923477e-01   4.658655e-03   1.299557e-03   2.513799e-03
2450   5.947892e-01   4.722259e-03   1.335209e-03   2.786393e-03
2460   5.972306e-01   4.726657e-03   1.379326e-03   3.017872e-03
2470   5.996720e-01   4.653556e-03   1.429834e-03   3.198285e-03
2480   6.021134e-01   4.522449e-03   1.489441e-03   3.321834e-03
2490   6.045548e-01   4.304681e-03   1.561997e-03   3.386003e-03
2500   6.069962e-01   3.984875e-03   1.647096e-03   3.390984e-03
2510   6.094376e-01   3.588022e-03   1.743925e-03   3.339188e-03
2520   6.118790e-01   3.155405e-03   1.850921e-03   3.234776e-03
2530   6.143204e-01   2.756706e-03   1.960111e-03   3.083200e-03
2540   6.167618e-01   2.539684e-03   2.059753e-03   2.890834e-03
2550   6.192032e-01   2.532369e-03   2.138546e-03   2.664764e-03
2560   6.216446e-01   2.620239e-03   2.188341e-03   2.412885e-03
2570   6.240860e-01   2.749428e-03   2.204463e-03   2.144383e-03
2580   6.265274e-01   2.889894e-03   2.184781e-03   1.870441e-03
2590   6.289688e-01   3.016894e-03   2.129821e-03   1.605038e-03
2600   6.314102e-01   3.116969e-03   2.042461e-03   1.366103e-03
2610   6.338517e-01   3.183035e-03   1.927775e-03   1.178696e-03
2620   6.362931e-01   3.212483e-03   1.792677e-03   1.054456e-03
2630   6.387345e-01   3.205599e-03   1.644579e-03   9.941741e-04
2640   6.411759e-01   3.164893e-03   1.489287e-03   9.978373e-04
2650   6.436173e-01   3.095595e-03   1.331529e-03   1.067843e-03
2660   6.460587e-01   3.005658e-03   1.177091e-03   1.188004e-03
2670   6.485001e-01   2.907266e-03   1.034172e-03   1.327399e-03
2680   6.509415e-01   2.813394e-03   9.143464e-04   1.462329e-03
2690   6.533829e-01   2.731729e-03   8.277389e-04   1.580600e-03
2700   6.558243e-01   2.661580e-03   7.805488e-04   1.677642e-03
2710   6.582657e-01   2.595659e-03   7.802914e-04   1.754526e-03
2720   6.607071e-01   2.519403e-03   8.396320e-04   1.816778e-03
2730   6.631485e-01   2.426023e-03   9.603660e-04   1.869064e-03
2740   6.655899e-01   2.315714e-03   1.091983e-03   1.905038e-03
2750   6.680313e-01   2.196496e-03   1.214408e-03   1.925324e-03
2760   6.704727e-01   2.072335e-03   1.318450e-03   1.931649e-03
2770   6.729142e-01   1.948813e-03   1.399077e-03   1.924994e-03
2780   6.753556e-01   1.835296e-03   1.454002e-03   1.905477e-03
2790   6.777970e-01   1.750112e-03   1.482967e-03   1.872392e-03
2800   6.802384e-01   1.722549e-03   1.487331e-03   1.824412e-03
2810   6.826798e-01   1.758005e-03   1.469742e-03   1.760010e-03
2820   6.851212e-01   1.832535e-03   1.433603e-03   1.677912e-03
2830   6.875626e-01   1.917189e-03   1.382427e-03   1.577532e-03
2840   6.900040e-01   1.993546e-03   1.319602e-03   1.459360e-03
2850   6.924454e-01   2.053187e-03   1.248423e-03   1.326389e-03
2860   6.948868e-01   2.094251e-03   1.171904e-03   1.182778e-03
2870   6.973282e-01   2.117166e-03   1.092707e-03   1.033034e-03
2880   6.997696e-01   2.120674e-03   1.013279e-03   8.850456e-04
2890   7.022110e-01   2.105907e-03   9.358883e-04   7.516043e-04
2900   7.046524e-01   2.076954e-03   8.607693e-04   6.494285e-04
2910   7.070938e-01   2.041120e-03   7.881629e-04   5.961168e-04
2920   7.095352e-01   2.014705e-03   7.184306e-04   6.076010e-04
2930   7.119767e-01   2.016683e-03   6.526054e-04   6.739989e-04
2940   7.144181e-01   2.022447e-03   5.935137e-04   7.763557e-04
2950   7.168595e-01   2.015236e-03   5.467527e-04   8.940687e-04
2960   7.193009e-01   1.985421e-03   5.188778e-04   1.014168e-03
2970   7.217423e-01   1.928878e-03   5.119478e-04   1.125970e-03
2980   7.241837e-01   1.845778e-03   5.219695e-04   1.222057e-03
2990   7.266251e-01   1.739605e-03   5.448389e-04   1.297998e-03
3000   7.290665e-01   1.616415e-03   5.851994e-04   1.351539e-03
3010   7.315079e-01   1.484525e-03   6.414300e-04   1.381946e-03
3020   7.339493e-01   1.349911e-03   7.075146e-04   1.389563e-03
3030   7.363907e-01   1.215351e-03   7.756003e-04   1.375492e-03
3040   7.388321e-01   1.086181e-03   8.402893e-04   1.341379e-03
3050   7.412735e-01   9.772305e-04   8.971040e-04   1.289253e-03
3060   7.437149e-01   9.254670e-04   9.426366e-04   1.221425e-03
3070   7.461563e-01   9.552191e-04   9.747317e-04   1.140441e-03
3080   7.485977e-01   1.030018e-03   9.922719e-04   1.049094e-03
3090   7.510392e-01   1.115612e-03   9.946491e-04   9.504771e-04
3100   7.534806e-01   1.197539e-03   9.817181e-04   8.480566e-04
3110   7.559220e-01   1.269406e-03   9.538417e-04   7.457379e-04
3120   7.583634e-01   1.326462e-03   9.118201e-04   6.478598e-04
3130   7.608048e-01   1.365798e-03   8.568388e-04   5.590709e-04
3140   7.632462e-01   1.386294e-03   7.903878e-04   4.841458e-04
3150   7.656876e-01   1.388276e-03   7.143015e-04   4.269205e-04
3160   7.681290e-01   1.373382e-03   6.309574e-04   3.945589e-04
3170   7.705704e-01   1.344331e-03   5.441442e-04   3.949623e-04
3180   7.730118e-01   1.305391e-03   4.588337e-04   4.258850e-04
3190   7.754532e-01   1.262543e-03   3.811930e-04   4.737322e-04
3200   7.778946e-01   1.224828e-03   3.183608e-04   5.267686e-04
3210   7.803360e-01   1.203367e-03   2.783035e-04   5.792043e-04
3220   7.827774e-01   1.194402e-03   2.684333e-04   6.291305e-04
3230   7.852188e-01   1.183904e-03   2.879682e-04   6.765070e-04
3240   7.876602e-01   1.165030e-03   3.282378e-04   7.214897e-04
3250   7.901017e-01   1.134806e-03   3.826889e-04   7.624750e-04
3260   7.925431e-01   1.092802e-03   4.352041e-04   7.963087e-04
3270   7.949845e-01   1.041058e-03   4.805024e-04   8.219732e-04
3280   7.974259e-01   9.851813e-04   5.174961e-04   8.389894e-04
3290   7.998673e-01   9.255390e-04   5.459667e-04   8.468412e-04
3300   8.023087e-01   8.614533e-04   5.661843e-04   8.450280e-04
3310   8.047501e-01   7.961618e-04   5.787583e-04   8.331477e-04
3320   8.071915e-01   7.406882e-04   5.844068e-04   8.109862e-04
3330   8.096329e-01   7.169790e-04   5.839127e-04   7.785982e-04
3340   8.120743e-01   7.238720e-04   5.780498e-04   7.363656e-04
3350   8.145157e-01   7.476972e-04   5.675429e-04   6.850431e-04
3360   8.169571e-01   7.772498e-04   5.530447e-04   6.257989e-04
3370   8.193985e-01   8.066828e-04   5.351336e-04   5.603081e-04
3380   8.218399e-01   8.332766e-04   5.142732e-04   4.914253e-04
3390   8.242813e-01   8.544999e-04   4.907656e-04   4.227916e-04
3400   8.267227e-01   8.681698e-04   4.647934e-04   3.576916e-04
3410   8.291642e-01   8.731924e-04   4.366286e-04   3.007705e-04
3420   8.316056e-01   8.696110e-04   4.064445e-04   2.608350e-04
3430   8.340470e-01   8.589113e-04   3.744404e-04   2.442349e-04
3440   8.364884e-01   8.458509e-04   3.411844e-04   2.532587e-04
3450   8.389298e-01   8.300995e-04   3.076885e-04   2.844890e-04
3460   8.413712e-01   8.117224e-04   2.756418e-04   3.266494e-04
3470   8.438126e-01   7.909380e-04   2.475046e-04   3.718565e-04
3480   8.462540e-01   7.677976e-04   2.261293e-04   4.161901e-04
3490   8.486954e-01   7.422985e-04   2.137183e-04   4.571920e-04
3500   8.511368e-01   7.144278e-04   2.108129e-04   4.929593e-04
3510   8.535782e-01   6.842918e-04   2.163508e-04   5.220006e-04
3520   8.560196e-01   6.521893e-04   2.325363e-04   5.433338e-04
3530   8.584610e-01   6.191011e-04   2.604646e-04   5.565161e-04
3540   8.609024e-01   5.863891e-04   2.922507e-04   5.615728e-04
3550   8.633438e-01   5.536351e-04   3.239574e-04   5.588351e-04
3560   8.657852e-01   5.211551e-04   3.532395e-04   5.488071e-04
3570   8.682267e-01   4.910563e-04   3.784648e-04   5.321068e-04
3580   8.706681e-01   4.686652e-04   3.985281e-04   5.094443e-04
3590   8.731095e-01   4.631703e-04   4.126991e-04   4.816136e-04
3600   8.755509e-01   4.775861e-04   4.205050e-04   4.494943e-04
3610   8.779923e-01   5.008518e-04   4.216953e-04   4.140646e-04
3620   8.804337e-01   5.235736e-04   4.162549e-04   3.764215e-04
3630   8.828751e-01   5.421636e-04   4.043904e-04   3.378120e-04
3640   8.853165e-01   5.563403e-04   3.865248e-04   2.996528e-04
3650   8.877579e-01   5.656824e-04   3.632699e-04   2.635348e-04
3660   8.901993e-01   5.697724e-04   3.354173e-04   2.312710e-04
3670   8.926407e-01   5.688172e-04   3.039242e-04   2.042213e-04
3680   8.950821e-01   5.634879e-04   2.699913e-04   1.844010e-04
3690   8.975235e-01   5.548490e-04   2.353042e-04   1.742557e-04
3700   8.999649e-01   5.443104e-04   2.015969e-04   1.759047e-04
3710   9.024063e-01   5.342948e-04   1.704780e-04   1.880049e-04
3720   9.048477e-01   5.285541e-04   1.440060e-04   2.063888e-04
3730   9.072892e-01   5.254112e-04   1.250216e-04   2.274046e-04
3740   9.097306e-01   5.211128e-04   1.165864e-04   2.490332e-04
3750   9.121720e-01   5.133300e-04   1.188042e-04   2.703581e-04
3760   9.146134e-01   5.009030e-04   1.285447e-04   2.908158e-04
3770   9.170548e-01   4.835856e-04   1.435466e-04   3.097148e-04
3780   9.194962e-01   4.617239e-04   1.616361e-04   3.261738e-04
3790   9.219376e-01   4.360539e-04   1.798234e-04   3.393501e-04
3800   9.243790e-01   4.079024e-04   1.966725e-04   3.486141e-04
3810   9.268204e-01   3.790275e-04   2.115036e-04   3.535874e-04
3820   9.292618e-01   3.493924e-04   2.239651e-04   3.540938e-04
3830   9.317032e-01   3.195036e-04   2.339449e-04   3.500998e-04
3840   9.341446e-01   2.931449e-04   2.414351e-04   3.416805e-04
3850   9.365860e-01   2.772900e-04   2.464537e-04   3.290129e-04
3860   9.390274e-01   2.763088e-04   2.490383e-04   3.123794e-04
3870   9.414688e-01   2.874691e-04   2.492341e-04   2.921726e-04
3880   9.439102e-01   3.037579e-04   2.470919e-04   2.689043e-04
3890   9.463517e-01   3.205736e-04   2.426690e-04   2.432249e-04
3900   9.487931e-01   3.357317e-04   2.360185e-04   2.160792e-04
3910   9.512345e-01   3.481983e-04   2.271871e-04   1.887875e-04
3920   9.536759e-01   3.572082e-04   2.162352e-04   1.624019e-04
3930   9.561173e-01   3.622054e-04   2.033135e-04   1.380254e-04
3940   9.585587e-01   3.630649e-04   1.886936e-04   1.183085e-04
3950   9.610001e-01   3.600532e-04   1.727083e-04   1.058858e-04
3960   9.634415e-01   3.537900e-04   1.557016e-04   1.024626e-04
3970   9.658829e-01   3.452844e-04   1.382271e-04   1.089255e-04
3980   9.683243e-01   3.362514e-04   1.210572e-04   1.220251e-04
3990   9.707657e-01   3.280802e-04   1.052966e-04   1.379955e-04
4000   9.732071e-01   3.211191e-04   9.247398e-05   1.548785e-04
4010   9.756485e-01   3.151244e-04   8.431103e-05   1.717236e-04
4020   9.780899e-01   3.092675e-04   8.181040e-05   1.876730e-04
4030   9.805313e-01   3.026277e-04   8.440378e-05   2.017750e-04
4040   9.829727e-01   2.945166e-04   9.220578e-05   2.132666e-04
4050   9.854142e-01   2.846274e-04   1.058672e-04   2.217375e-04
4060   9.878556e-01   2.731931e-04   1.206005e-04   2.270530e-04
4070   9.902970e-01   2.606948e-04   1.347339e-04   2.292267e-04
4080   9.927384e-01   2.468842e-04   1.473875e-04   2.283513e-04
4090   9.951798e-01   2.320522e-04   1.580141e-04   2.245765e-04
4100   9.976212e-01   2.167954e-04   1.662603e-04   2.181021e-04
4110   1.000063e+00   2.032572e-04   1.719150e-04   2.091744e-04
4120   1.002504e+00   1.959920e-04   1.748810e-04   1.980859e-04
4130   1.004945e+00   1.977389e-04   1.751589e-04   1.851754e-04
4140   1.007387e+00   2.037790e-04   1.728344e-04   1.708315e-04
4150   1.009828e+00   2.106718e-04   1.680632e-04   1.554982e-04
4160   1.012270e+00   2.174402e-04   1.610642e-04   1.396887e-04
4170   1.014711e+00   2.232765e-04   1.521060e-04   1.239940e-04
4180   1.017152e+00   2.276781e-04   1.414975e-04   1.091351e-04
4190   1.019594e+00   2.303760e-04   1.295826e-04   9.584582e-05
4200   1.022035e+00   2.312547e-04   1.167628e-04   8.469834e-05
4210   1.024477e+00   2.303783e-04   1.036155e-04   7.679824e-05
4220   1.026918e+00   2.279350e-04   9.069482e-05   7.306856e-05
4230   1.029359e+00   2.244782e-04   7.847671e-05   7.429074e-05
4240   1.031801e+00   2.211241e-04   6.757983e-05   7.991113e-05
4250   1.034242e+00   2.176254e-04   5.883800e-05   8.808304e-05
4260   1.036684e+00   2.136660e-04   5.333630e-05   9.727690e-05
4270   1.039125e+00   2.089679e-04   5.177188e-05   1.067039e-04
4280   1.041566e+00   2.033141e-04   5.357136e-05   1.159948e-04
4290   1.044008e+00   1.965860e-04   5.752853e-05   1.248246e-04
4300   1.046449e+00   1.887600e-04   6.306432e-05   1.327768e-04
4310   1.048891e+00   1.798989e-04   7.017491e-05   1.394123e-04
4320   1.051332e+00   1.701589e-04   7.757738e-05   1.443981e-04
4330   1.053774e+00   1.600321e-04   8.447715e-05   1.475459e-04
4340   1.056215e+00   1.498827e-04   9.059494e-05   1.487795e-04
4350   1.058656e+00   1.396400e-04   9.579440e-05   1.480871e-04
4360   1.061098e+00   1.295868e-04   9.999202e-05   1.454992e-04
4370   1.063539e+00   1.213292e-04   1.031314e-04   1.410845e-04
4380   1.065981e+00   1.183954e-04   1.051774e-04   1.349502e-04
4390   1.068422e+00   1.217156e-04   1.061112e-04   1.272429e-04
4400   1.070863e+00   1.283762e-04   1.059263e-04   1.181512e-04
4410   1.073305e+00   1.355721e-04   1.046298e-04   1.079113e-04
4420   1.075746e+00   1.419895e-04   1.022370e-04   9.681871e-05
4430   1.078188e+00   1.471430e-04   9.877128e-05   8.526510e-05
4440   1.080629e+00   1.509076e-04   9.426707e-05   7.382437e-05
4450   1.083070e+00   1.532192e-04   8.878845e-05   6.300676e-05
4460   1.085512e+00   1.539260e-04   8.244703e-05   5.338306e-05
4470   1.087953e+00   1.530824e-04   7.541090e-05   4.617102e-05
4480   1.090395e+00   1.509289e-04   6.789786e-05   4.222978e-05
4490   1.092836e+00   1.478598e-04   6.013164e-05   4.250270e-05
4500   1.095277e+00   1.445711e-04   5.243621e-05   4.655537e-05
4510   1.097719e+00   1.418547e-04   4.526526e-05   5.271074e-05
4520   1.100160e+00   1.397360e-04   3.925310e-05   5.971544e-05
4530   1.102602e+00   1.379484e-04   3.516755e-05   6.690588e-05
4540   1.105043e+00   1.360076e-04   3.350700e-05   7.385617e-05
4550   1.107484e+00   1.334574e-04   3.404072e-05   8.021047e-05
4560   1.109926e+00   1.299847e-04   3.642911e-05   8.567059e-05
4570   1.112367e+00   1.254563e-04   4.143413e-05   9.002339e-05
4580   1.114809e+00   1.198954e-04   4.744107e-05   9.313792e-05
4590   1.117250e+00   1.136031e-04   5.330730e-05   9.495923e-05
4600   1.119691e+00   1.067261e-04   5.861628e-05   9.549226e-05
4610   1.122133e+00   9.927091e-05   6.314971e-05   9.478357e-05
4620   1.124574e+00   9.140503e-05   6.677711e-05   9.290629e-05
4630   1.127016e+00   8.375316e-05   6.942372e-05   8.995385e-05
4640   1.129457e+00   7.816870e-05   7.105629e-05   8.603750e-05
4650   1.131899e+00   7.703743e-05   7.167426e-05   8.128478e-05
4660   1.134340e+00   7.929869e-05   7.130542e-05   7.583924e-05
4670   1.136781e+00   8.285506e-05   6.999863e-05   6.986109e-05
4680   1.139223e+00   8.667976e-05   6.782097e-05   6.353045e-05
4690   1.141664e+00   9.025495e-05   6.485453e-05   5.705265e-05
4700   1.144106e+00   9.322392e-05   6.119224e-05   5.066962e-05
4710   1.146547e+00   9.539678e-05   5.693821e-05   4.469294e-05
4720   1.148988e+00   9.665980e-05   5.221744e-05   3.930989e-05
4730   1.151430e+00   9.698115e-05   4.722326e-05   3.491233e-05
4740   1.153871e+00   9.639919e-05   4.215601e-05   3.190299e-05
4750   1.156313e+00   9.500751e-05   3.716818e-05   3.068843e-05
4760   1.158754e+00   9.300262e-05   3.246287e-05   3.153351e-05
4770   1.161195e+00   9.087614e-05   2.829405e-05   3.407903e-05
4780   1.163637e+00   8.889879e-05   2.499664e-05   3.753268e-05
4790   1.166078e+00   8.706478e-05   2.295671e-05   4.134185e-05
4800   1.168520e+00   8.527831e-05   2.237050e-05   4.527792e-05
4810   1.170961e+00   8.336276e-05   2.302187e-05   4.922265e-05
4820   1.173402e+00   8.113806e-05   2.456115e-05   5.298042e-05
4830   1.175844e+00   7.848151e-05   2.686173e-05   5.629716e-05
4840   1.178285e+00   7.533928e-05   2.994977e-05   5.897138e-05
4850   1.180727e+00   7.177402e-05   3.308618e-05   6.089084e-05
4860   1.183168e+00   6.803649e-05   3.599138e-05   6.200451e-05
4870   1.185609e+00   6.413406e-05   3.856902e-05   6.229300e-05
4880   1.188051e+00   6.002243e-05   4.075520e-05   6.175735e-05
4890   1.190492e+00   5.588901e-05   4.250412e-05   6.041685e-05
4900   1.192934e+00   5.245505e-05   4.378317e-05   5.830873e-05
4910   1.195375e+00   5.131136e-05   4.457016e-05   5.548807e-05
4920   1.197816e+00   5.265877e-05   4.485206e-05   5.202817e-05
4930   1.200258e+00   5.501968e-05   4.462384e-05   4.802178e-05
4940   1.202699e+00   5.745129e-05   4.388871e-05   4.358407e-05
4950   1.205141e+00   5.958568e-05   4.265665e-05   3.885824e-05
4960   1.207582e+00   6.132238e-05   4.094502e-05   3.403240e-05
4970   1.210024e+00   6.261390e-05   3.878185e-05   2.936698e-05
4980   1.212465e+00   6.334994e-05   3.621074e-05   2.508263e-05
4990   1.214906e+00   6.349996e-05   3.329703e-05   2.145540e-05
5000   1.217348e+00   6.311120e-05   3.013266e-05   1.895027e-05
5010   1.219789e+00   6.228650e-05   2.683628e-05   1.789538e-05
5020   1.222231e+00   6.119963e-05   2.352878e-05   1.855247e-05
5030   1.224672e+00   6.017163e-05   2.037731e-05   2.053975e-05
5040   1.227113e+00   5.923461e-05   1.760808e-05   2.320833e-05
5050   1.229555e+00   5.835015e-05   1.550648e-05   2.611282e-05
5060   1.231996e+00   5.739860e-05   1.433876e-05   2.900876e-05
5070   1.234438e+00   5.623549e-05   1.415128e-05   3.174408e-05
5080   1.236879e+00   5.474931e-05   1.476342e-05   3.420417e-05
5090   1.239320e+00   5.287675e-05   1.624233e-05   3.629501e-05
5100   1.241762e+00   5.060967e-05   1.855990e-05   3.794154e-05
5110   1.244203e+00   4.798829e-05   2.099490e-05   3.909298e-05
5120   1.246645e+00   4.517538e-05   2.327713e-05   3.972712e-05
5130   1.249086e+00   4.219932e-05   2.528602e-05   3.984833e-05
5140   1.251527e+00   3.908846e-05   2.695532e-05   3.947679e-05
5150   1.253969e+00   3.595340e-05   2.824570e-05   3.864118e-05
5160   1.256410e+00   3.319378e-05   2.913682e-05   3.737645e-05
5170   1.258852e+00   3.175564e-05   2.962145e-05   3.572318e-05
5180   1.261293e+00   3.219971e-05   2.970475e-05   3.372742e-05
5190   1.263734e+00   3.369681e-05   2.940060e-05   3.144112e-05
5200   1.266176e+00   3.547924e-05   2.873108e-05   2.892349e-05
5210   1.268617e+00   3.719735e-05   2.772476e-05   2.624315e-05
5220   1.271059e+00   3.870980e-05   2.641512e-05   2.348193e-05
5230   1.273500e+00   3.989800e-05   2.484042e-05   2.075075e-05
5240   1.275941e+00   4.069589e-05   2.304466e-05   1.816993e-05
5250   1.278383e+00   4.107162e-05   2.108546e-05   1.583085e-05
5260   1.280824e+00   4.102815e-05   1.904978e-05   1.395917e-05
5270   1.283266e+00   4.060094e-05   1.699598e-05   1.274782e-05
5280   1.285707e+00   3.985753e-05   1.498885e-05   1.240623e-05
5290   1.288149e+00   3.892511e-05   1.311107e-05   1.300903e-05
5300   1.290590e+00   3.808087e-05   1.146964e-05   1.429225e-05
5310   1.293031e+00   3.738795e-05   1.021090e-05   1.590811e-05
5320   1.295473e+00   3.678118e-05   9.491567e-06   1.766607e-05
5330   1.297914e+00   3.615639e-05   9.360273e-06   1.947871e-05
5340   1.300356e+00   3.540413e-05   9.699057e-06   2.125391e-05
5350   1.302797e+00   3.444415e-05   1.039342e-05   2.287488e-05
5360   1.305238e+00   3.323590e-05   1.147040e-05   2.423972e-05
5370   1.307680e+00   3.177839e-05   1.280009e-05   2.528464e-05
5380   1.310121e+00   3.015184e-05   1.410942e-05   2.597801e-05
5390   1.312563e+00   2.842764e-05   1.531736e-05   2.630785e-05
5400   1.315004e+00   2.659864e-05   1.638380e-05   2.627373e-05
5410   1.317445e+00   2.466382e-05   1.727987e-05   2.588399e-05
5420   1.319887e+00   2.276640e-05   1.798403e-05   2.515493e-05
5430   1.322328e+00   2.136603e-05   1.848082e-05   2.411043e-05
5440   1.324770e+00   2.120753e-05   1.876002e-05   2.278167e-05
5450   1.327211e+00   2.197475e-05   1.881625e-05   2.120717e-05
5460   1.329652e+00   2.302930e-05   1.864848e-05   1.943335e-05
5470   1.332094e+00   2.406809e-05   1.825976e-05   1.751585e-05
5480   1.334535e+00   2.498724e-05   1.765675e-05   1.552208e-05
5490   1.336977e+00   2.574455e-05   1.685008e-05   1.353724e-05
5500   1.339418e+00   2.627983e-05   1.585578e-05   1.167314e-05
5510   1.341859e+00   2.656225e-05   1.469785e-05   1.001493e-05
5520   1.344301e+00   2.659006e-05   1.341102e-05   8.700428e-06
5530   1.346742e+00   2.638693e-05   1.204557e-05   7.875363e-06
5540   1.349184e+00   2.599354e-05   1.065109e-05   7.685072e-06
5550   1.351625e+00   2.548945e-05   9.285435e-06   8.164201e-06
5560   1.354066e+00   2.499089e-05   8.026354e-06   9.091143e-06
5570   1.356508e+00   2.452256e-05   6.975064e-06   1.021608e-05
5580   1.358949e+00   2.408151e-05   6.249308e-06   1.139077e-05
5590   1.361391e+00   2.362691e-05   5.932178e-06   1.253991e-05
5600   1.363832e+00   2.310223e-05   6.001595e-06   1.361878e-05
5610   1.366274e+00   2.245952e-05   6.384481e-06   1.458848e-05
5620   1.368715e+00   2.167080e-05   7.155094e-06   1.540992e-05
5630   1.371156e+00   2.073133e-05   8.140044e-06   1.604851e-05
5640   1.373598e+00   1.966739e-05   9.112013e-06   1.648273e-05
5650   1.376039e+00   1.854328e-05   9.996579e-06   1.670582e-05
5660   1.378481e+00   1.735449e-05   1.075805e-05   1.672011e-05
5670   1.380922e+00   1.611651e-05   1.137579e-05   1.653228e-05
5680   1.383363e+00   1.489375e-05   1.183788e-05   1.615190e-05
5690   1.385805e+00   1.391019e-05   1.213897e-05   1.559120e-05
5700   1.388246e+00   1.359007e-05   1.227899e-05   1.486509e-05
5710   1.390688e+00   1.395115e-05   1.226157e-05   1.399141e-05
5720   1.393129e+00   1.461235e-05   1.209392e-05   1.299133e-05
5730   1.395570e+00   1.531884e-05   1.178575e-05   1.189021e-05
5740   1.398012e+00   1.596552e-05   1.134874e-05   1.071895e-05
5750   1.400453e+00   1.651345e-05   1.079612e-05   9.516735e-06
5760   1.402895e+00   1.692374e-05   1.014276e-05   8.341801e-06
5770   1.405336e+00   1.717207e-05   9.406197e-06   7.239480e-06
5780   1.407777e+00   1.725056e-05   8.611040e-06   6.268316e-06
5790   1.410219e+00   1.716630e-05   7.787881e-06   5.543129e-06
5800   1.412660e+00   1.694108e-05   6.956427e-06   5.147331e-06
5810   1.415102e+00   1.661228e-05   6.143453e-06   5.165628e-06
5820   1.417543e+00   1.626627e-05   5.384416e-06   5.573657e-06
5830   1.419984e+00   1.597370e-05   4.727216e-06   6.214809e-06
5840   1.422426e+00   1.571386e-05   4.236709e-06   6.958567e-06
5850   1.424867e+00   1.545421e-05   3.974476e-06   7.739846e-06
5860   1.427309e+00   1.515293e-05   3.947863e-06   8.516863e-06
5870   1.429750e+00   1.477460e-05   4.104997e-06   9.245796e-06
5880   1.432191e+00   1.429793e-05   4.417751e-06   9.883702e-06
5890   1.434633e+00   1.371650e-05   4.918919e-06   1.039759e-05
5900   1.437074e+00   1.304031e-05   5.494554e-06   1.076787e-05
5910   1.439516e+00   1.231565e-05   6.054550e-06   1.098607e-05
5920   1.441957e+00   1.154677e-05   6.568203e-06   1.105087e-05
5930   1.444399e+00   1.073885e-05   7.017030e-06   1.096541e-05
5940   1.446840e+00   9.910802e-06   7.387676e-06   1.073609e-05
5950   1.449281e+00   9.161000e-06   7.670547e-06   1.037227e-05
5960   1.451723e+00   8.759675e-06   7.859118e-06   9.886010e-06
5970   1.454164e+00   8.894467e-06   7.949582e-06   9.292015e-06
5980   1.456606e+00   9.306871e-06   7.940486e-06   8.607671e-06
5990   1.459047e+00   9.778379e-06   7.832467e-06   7.853369e-06
6000   1.461488e+00   1.021891e-05   7.628005e-06   7.053169e-06
6010   1.463930e+00   1.059933e-05   7.331486e-06   6.235887e-06
6020   1.466371e+00   1.089688e-05   6.949339e-06   5.438250e-06
6030   1.468813e+00   1.109158e-05   6.490618e-06   4.702771e-06
6040   1.471254e+00   1.117592e-05   5.968126e-06   4.061506e-06
6050   1.473695e+00   1.115290e-05   5.400325e-06   3.577911e-06
6060   1.476137e+00   1.103486e-05   4.810833e-06   3.304335e-06
6070   1.478578e+00   1.084121e-05   4.220226e-06   3.300806e-06
6080   1.481020e+00   1.060774e-05   3.655546e-06   3.552685e-06
6090   1.483461e+00   1.039561e-05   3.152511e-06   3.957524e-06
6100   1.485902e+00   1.021085e-05   2.756664e-06   4.425068e-06
6110   1.488344e+00   1.004217e-05   2.517150e-06   4.907064e-06
6120   1.490785e+00   9.862614e-06   2.455526e-06   5.379312e-06
6130   1.493227e+00   9.644198e-06   2.546159e-06   5.824676e-06
6140   1.495668e+00   9.366899e-06   2.767593e-06   6.224109e-06
6150   1.498109e+00   9.021570e-06   3.131741e-06   6.558223e-06
6160   1.500551e+00   8.609326e-06   3.538928e-06   6.812162e-06
6170   1.502992e+00   8.150814e-06   3.925347e-06   6.978232e-06
6180   1.505434e+00   7.666245e-06   4.269665e-06   7.054300e-06
6190   1.507875e+00   7.155195e-06   4.560975e-06   7.041147e-06
6200   1.510316e+00   6.623390e-06   4.792908e-06   6.941214e-06
6210   1.512758e+00   6.113763e-06   4.962031e-06   6.758350e-06
6220   1.515199e+00   5.758293e-06   5.067129e-06   6.497795e-06
6230   1.517641e+00   5.724101e-06   5.108609e-06   6.166218e-06
6240   1.520082e+00   5.927502e-06   5.088196e-06   5.771821e-06
6250   1.522524e+00   6.215530e-06   5.008680e-06   5.324582e-06
6260   1.524965e+00   6.505239e-06   4.873672e-06   4.836645e-06
6270   1.527406e+00   6.764987e-06   4.687359e-06   4.323001e-06
6280   1.529848e+00   6.980024e-06   4.454486e-06   3.804054e-06
6290   1.532289e+00   7.134180e-06   4.180508e-06   3.306407e-06
6300   1.534731e+00   7.218682e-06   3.872417e-06   2.848864e-06
6310   1.537172e+00   7.231765e-06   3.540726e-06   2.467810e-06
6320   1.539613e+00   7.178454e-06   3.196298e-06   2.210420e-06
6330   1.542055e+00   7.069146e-06   2.847848e-06   2.112836e-06
6340   1.544496e+00   6.922995e-06   2.508064e-06   2.199876e-06
6350   1.546938e+00   6.782905e-06   2.193716e-06   2.428623e-06
6360   1.549379e+00   6.656467e-06   1.927836e-06   2.727976e-06
6370   1.551820e+00   6.538816e-06   1.739304e-06   3.054113e-06
6380   1.554262e+00   6.417554e-06   1.650974e-06   3.384950e-06
6390   1.556703e+00   6.276859e-06   1.659241e-06   3.703654e-06
6400   1.559145e+00   6.103898e-06   1.741660e-06   3.993099e-06
6410   1.561586e+00   5.891376e-06   1.901652e-06   4.237695e-06
6420   1.564027e+00   5.638106e-06   2.139844e-06   4.426501e-06
6430   1.566469e+00   5.352534e-06   2.390070e-06   4.553701e-06
6440   1.568910e+00   5.050837e-06   2.627252e-06   4.617509e-06
6450   1.571352e+00   4.730663e-06   2.840310e-06   4.618536e-06
6460   1.573793e+00   4.396633e-06   3.021836e-06   4.558871e-06
6470   1.576234e+00   4.064602e-06   3.166663e-06   4.441774e-06
6480   1.578676e+00   3.793343e-06   3.271338e-06   4.271568e-06
6490   1.581117e+00   3.705702e-06   3.333782e-06   4.053580e-06
6500   1.583559e+00   3.812282e-06   3.353098e-06   3.794138e-06
6510   1.586000e+00   3.995489e-06   3.329431e-06   3.500643e-06
6520   1.588441e+00   4.186010e-06   3.263817e-06   3.181746e-06
6530   1.590883e+00   4.357990e-06   3.158114e-06   2.847699e-06
6540   1.593324e+00   4.502850e-06   3.015018e-06   2.510824e-06
6550   1.595766e+00   4.610130e-06   2.838072e-06   2.187582e-06
6560   1.598207e+00   4.673691e-06   2.631933e-06   1.893331e-06
6570   1.600649e+00   4.691799e-06   2.402986e-06   1.644310e-06
6580   1.603090e+00   4.667107e-06   2.160564e-06   1.466955e-06
6590   1.605531e+00   4.605727e-06   1.913614e-06   1.384282e-06
6600   1.607973e+00   4.517158e-06   1.671143e-06   1.416372e-06
6610   1.610414e+00   4.423187e-06   1.445192e-06   1.544298e-06
6620   1.612856e+00   4.342506e-06   1.251523e-06   1.723826e-06
6630   1.615297e+00   4.271385e-06   1.110209e-06   1.922965e-06
6640   1.617738e+00   4.200939e-06   1.039469e-06   2.125640e-06
6650   1.620180e+00   4.119153e-06   1.040360e-06   2.322937e-06
6660   1.622621e+00   4.015949e-06   1.097167e-06   2.506831e-06
6670   1.625063e+00   3.885429e-06   1.206955e-06   2.668577e-06
6680   1.627504e+00   3.725946e-06   1.364055e-06   2.800167e-06
6690   1.629945e+00   3.540134e-06   1.528745e-06   2.896184e-06
6700   1.632387e+00   3.340496e-06   1.682460e-06   2.954144e-06
6710   1.634828e+00   3.130327e-06   1.818241e-06   2.973525e-06
6720   1.637270e+00   2.909939e-06   1.932311e-06   2.954870e-06
6730   1.639711e+00   2.685204e-06   2.022362e-06   2.899436e-06
6740   1.642152e+00   2.484676e-06   2.087100e-06   2.809123e-06
6750   1.644594e+00   2.382140e-06   2.125987e-06   2.686471e-06
6760   1.647035e+00   2.414933e-06   2.139066e-06   2.534667e-06
6770   1.649477e+00   2.522816e-06   2.126879e-06   2.357605e-06
6780   1.651918e+00   2.650028e-06   2.090337e-06   2.159993e-06
6790   1.654359e+00   2.770756e-06   2.030689e-06   1.947553e-06
6800   1.656801e+00   2.875536e-06   1.949441e-06   1.727393e-06
6810   1.659242e+00   2.958482e-06   1.848375e-06   1.509798e-06
6820   1.661684e+00   3.013643e-06   1.729765e-06   1.305119e-06
6830   1.664125e+00   3.038350e-06   1.596769e-06   1.122146e-06
6840   1.666566e+00   3.032985e-06   1.454151e-06   9.809529e-07
6850   1.669008e+00   3.000677e-06   1.306182e-06   8.973187e-07
6860   1.671449e+00   2.946852e-06   1.157214e-06   8.875961e-07
6870   1.673891e+00   2.882228e-06   1.013420e-06   9.520477e-07
6880   1.676332e+00   2.823809e-06   8.828978e-07   1.063062e-06
6890   1.678774e+00   2.772058e-06   7.767863e-07   1.194314e-06
6900   1.681215e+00   2.724220e-06   7.077305e-07   1.331851e-06
6910   1.683656e+00   2.673726e-06   6.830656e-07   1.468059e-06
6920   1.686098e+00   2.613507e-06   6.978310e-07   1.596368e-06
6930   1.688539e+00   2.538317e-06   7.434873e-07   1.710037e-06
6940   1.690981e+00   2.445634e-06   8.293568e-07   1.803333e-06
6950   1.693422e+00   2.335763e-06   9.367114e-07   1.872524e-06
6960   1.695863e+00   2.214556e-06   1.042932e-06   1.915891e-06
6970   1.698305e+00   2.085662e-06   1.140841e-06   1.933137e-06
6980   1.700746e+00   1.948933e-06   1.226493e-06   1.924767e-06
6990   1.703188e+00   1.806752e-06   1.297246e-06   1.891812e-06
7000   1.705629e+00   1.670247e-06   1.351346e-06   1.835747e-06
7010   1.708070e+00   1.573842e-06   1.387730e-06   1.758461e-06
7020   1.710512e+00   1.565070e-06   1.405894e-06   1.662246e-06
7030   1.712953e+00   1.621373e-06   1.405800e-06   1.549811e-06
7040   1.715395e+00   1.698537e-06   1.387825e-06   1.424321e-06
7050   1.717836e+00   1.774979e-06   1.352705e-06   1.289504e-06
7060   1.720277e+00   1.843281e-06   1.301485e-06   1.149807e-06
7070   1.722719e+00   1.899343e-06   1.235525e-06   1.010736e-06
7080   1.725160e+00   1.938870e-06   1.156521e-06   8.796082e-07
7090   1.727602e+00   1.959853e-06   1.066651e-06   7.617368e-07
7100   1.730043e+00   1.962090e-06   9.689879e-07   6.661447e-07
7110   1.732484e+00   1.947054e-06   8.676400e-07   6.031322e-07
7120   1.734926e+00   1.917533e-06   7.657652e-07   5.827350e-07
7130   1.737367e+00   1.878488e-06   6.674706e-07   6.097888e-07
7140   1.739809e+00   1.841086e-06   5.780196e-07   6.715863e-07
7150   1.742250e+00   1.808168e-06   5.044319e-07   7.502272e-07
7160   1.744691e+00   1.777684e-06   4.552460e-07   8.346875e-07
7170   1.747133e+00   1.745650e-06   4.362691e-07   9.195721e-07
7180   1.749574e+00   1.707547e-06   4.448911e-07   1.001393e-06
7190   1.752016e+00   1.659894e-06   4.745727e-07   1.076461e-06
7200   1.754457e+00   1.600922e-06   5.261431e-07   1.140903e-06
7210   1.756899e+00   1.530477e-06   5.933660e-07   1.191594e-06
7220   1.759340e+00   1.450728e-06   6.608054e-07   1.226698e-06
7230   1.761781e+00   1.366793e-06   7.229412e-07   1.245505e-06
7240   1.764223e+00   1.278612e-06   7.773932e-07   1.247980e-06
7250   1.766664e+00   1.186670e-06   8.227159e-07   1.234471e-06
7260   1.769106e+00   1.095594e-06   8.579898e-07   1.205620e-06
7270   1.771547e+00   1.022667e-06   8.826703e-07   1.162346e-06
7280   1.773988e+00   1.001139e-06   8.965118e-07   1.105846e-06
7290   1.776430e+00   1.029980e-06   8.995002e-07   1.037603e-06
7300   1.778871e+00   1.080386e-06   8.918304e-07   9.594092e-07
7310   1.781313e+00   1.133472e-06   8.738614e-07   8.734300e-07
7320   1.783754e+00   1.181564e-06   8.461013e-07   7.823041e-07
7330   1.786195e+00   1.221945e-06   8.091830e-07   6.893733e-07
7340   1.788637e+00   1.252211e-06   7.639099e-07   5.994228e-07
7350   1.791078e+00   1.270334e-06   7.113509e-07   5.163043e-07
7360   1.793520e+00   1.275664e-06   6.530161e-07   4.449602e-07
7370   1.795961e+00   1.268887e-06   5.910797e-07   3.940303e-07
7380   1.798402e+00   1.251704e-06   5.273617e-07   3.697009e-07
7390   1.800844e+00   1.226898e-06   4.640293e-07   3.780677e-07
7400   1.803285e+00   1.200799e-06   4.040466e-07   4.139386e-07
7410   1.805727e+00   1.178079e-06   3.513469e-07   4.645682e-07
7420   1.808168e+00   1.158039e-06   3.111567e-07   5.209201e-07
7430   1.810609e+00   1.138632e-06   2.886351e-07   5.784162e-07
7440   1.813051e+00   1.116694e-06   2.850154e-07   6.342150e-07
7450   1.815492e+00   1.089437e-06   2.967511e-07   6.856645e-07
7460   1.817934e+00   1.055084e-06   3.225701e-07   7.301616e-07
7470   1.820375e+00   1.013073e-06   3.646233e-07   7.656289e-07
7480   1.822816e+00   9.640584e-07   4.104804e-07   7.908068e-07
7490   1.825258e+00   9.113353e-07   4.541909e-07   8.051939e-07
7500   1.827699e+00   8.551180e-07   4.934713e-07   8.087941e-07
7510   1.830141e+00   7.958705e-07   5.269607e-07   8.018947e-07
7520   1.832582e+00   7.352547e-07   5.537712e-07   7.849811e-07
7530   1.835024e+00   6.806235e-07   5.733409e-07   7.587139e-07
7540   1.837465e+00   6.511552e-07   5.853730e-07   7.239199e-07
7550   1.839906e+00   6.591878e-07   5.897796e-07   6.815904e-07
7560   1.842348e+00   6.874502e-07   5.866577e-07   6.328917e-07
7570   1.844789e+00   7.207327e-07   5.762560e-07   5.791914e-07
7580   1.847231e+00   7.524073e-07   5.589513e-07   5.221071e-07
7590   1.849672e+00   7.801600e-07   5.352455e-07   4.635878e-07
7600   1.852113e+00   8.020025e-07   5.057443e-07   4.062082e-07
7610   1.854555e+00   8.164475e-07   4.712075e-07   3.528624e-07
7620   1.856996e+00   8.228855e-07   4.326340e-07   3.057324e-07
7630   1.859438e+00   8.214310e-07   3.915175e-07   2.695868e-07
7640   1.861879e+00   8.129031e-07   3.493474e-07   2.482430e-07
7650   1.864320e+00   7.986579e-07   3.074569e-07   2.459677e-07
7660   1.866762e+00   7.815175e-07   2.676676e-07   2.627205e-07
7670   1.869203e+00   7.661260e-07   2.323547e-07   2.915575e-07
7680   1.871645e+00   7.524239e-07   2.046537e-07   3.256811e-07
7690   1.874086e+00   7.394941e-07   1.880305e-07   3.614309e-07
7700   1.876527e+00   7.255042e-07   1.839404e-07   3.969723e-07
7710   1.878969e+00   7.086256e-07   1.903341e-07   4.307919e-07
7720   1.881410e+00   6.875633e-07   2.050830e-07   4.611974e-07
7730   1.883852e+00   6.617308e-07   2.291923e-07   4.865672e-07
7740   1.886293e+00   6.312344e-07   2.577528e-07   5.057603e-07
7750   1.888734e+00   5.976673e-07   2.854802e-07   5.181983e-07
7760   1.891176e+00   5.623493e-07   3.107022e-07   5.237113e-07
7770   1.893617e+00   5.252331e-07   3.325567e-07   5.223529e-07
7780   1.896059e+00   4.867171e-07   3.504831e-07   5.143202e-07
7790   1.898500e+00   4.499450e-07   3.641184e-07   4.999341e-07
7800   1.900941e+00   4.247738e-07   3.732486e-07   4.796355e-07
7810   1.903383e+00   4.236391e-07   3.777772e-07   4.539838e-07
7820   1.905824e+00   4.397040e-07   3.777099e-07   4.236625e-07
7830   1.908266e+00   4.614199e-07   3.731384e-07   3.894942e-07
7840   1.910707e+00   4.827857e-07   3.642242e-07   3.524693e-07
7850   1.913149e+00   5.015876e-07   3.511981e-07   3.137965e-07
7860   1.915590e+00   5.169649e-07   3.343518e-07   2.750644e-07
7870   1.918031e+00   5.277915e-07   3.140608e-07   2.383332e-07
7880   1.920473e+00   5.334448e-07   2.908377e-07   2.050847e-07
7890   1.922914e+00   5.338642e-07   2.654179e-07   1.780962e-07
7900   1.925356e+00   5.294920e-07   2.387692e-07   1.604837e-07
7910   1.927797e+00   5.211729e-07   2.116763e-07   1.550590e-07
7920   1.930238e+00   5.103698e-07   1.851897e-07   1.631326e-07
7930   1.932680e+00   5.002005e-07   1.607147e-07   1.808155e-07
7940   1.935121e+00   4.912337e-07   1.401223e-07   2.030429e-07
7950   1.937563e+00   4.830589e-07   1.257327e-07   2.267933e-07
7960   1.940004e+00   4.745993e-07   1.193142e-07   2.505222e-07
7970   1.942445e+00   4.645725e-07   1.204985e-07   2.731531e-07
7980   1.944887e+00   4.519749e-07   1.275671e-07   2.936276e-07
7990   1.947328e+00   4.362765e-07   1.413818e-07   3.109425e-07
8000   1.949770e+00   4.174110e-07   1.601634e-07   3.243337e-07
8010   1.952211e+00   3.959905e-07   1.792085e-07   3.333757e-07
8020   1.954652e+00   3.732873e-07   1.968779e-07   3.379316e-07
8030   1.957094e+00   3.491893e-07   2.124159e-07   3.380424e-07
8040   1.959535e+00   3.239853e-07   2.253535e-07   3.338503e-07
8050   1.961977e+00   2.989389e-07   2.353882e-07   3.255736e-07
8060   1.964418e+00   2.786332e-07   2.423447e-07   3.135005e-07
8070   1.966859e+00   2.720444e-07   2.461426e-07   2.979871e-07
8080   1.969301e+00   2.793826e-07   2.467857e-07   2.794586e-07
8090   1.971742e+00   2.926343e-07   2.443434e-07   2.584159e-07
8100   1.974184e+00   3.067246e-07   2.389442e-07   2.354502e-07
8110   1.976625e+00   3.196416e-07   2.307657e-07   2.112687e-07
8120   1.979066e+00   3.306272e-07   2.200291e-07   1.867385e-07
8130   1.981508e+00   3.388435e-07   2.070032e-07   1.630781e-07
8140   1.983949e+00   3.438126e-07   1.920270e-07   1.413053e-07
8150   1.986391e+00   3.453667e-07   1.755681e-07   1.226340e-07
8160   1.988832e+00   3.436730e-07   1.582984e-07   1.091747e-07
8170   1.991274e+00   3.391586e-07   1.407365e-07   1.025307e-07
8180   1.993715e+00   3.325248e-07   1.235034e-07   1.042783e-07
8190   1.996156e+00   3.254268e-07   1.074060e-07   1.133409e-07
8200   1.998598e+00   3.192438e-07   9.352726e-08   1.264573e-07
8210   2.001039e+00   3.137455e-07   8.327490e-08   1.411979e-07
8220   2.003481e+00   3.083680e-07   7.796420e-08   1.563566e-07
8230   2.005922e+00   3.022842e-07   7.772679e-08   1.712341e-07
8240   2.008363e+00   2.947611e-07   8.145481e-08   1.851415e-07
8250   2.010805e+00   2.853463e-07   8.876093e-08   1.973320e-07
8260   2.013246e+00   2.738882e-07   9.984199e-08   2.071807e-07
8270   2.015688e+00   2.605563e-07   1.118526e-07   2.142995e-07
8280   2.018129e+00   2.462651e-07   1.232443e-07   2.185196e-07
8290   2.020570e+00   2.311488e-07   1.334675e-07   2.198126e-07
8300   2.023012e+00   2.152635e-07   1.421984e-07   2.182288e-07
8310   2.025453e+00   1.990113e-07   1.492212e-07   2.138756e-07
8320   2.027895e+00   1.843917e-07   1.543975e-07   2.069120e-07
8330   2.030336e+00   1.767166e-07   1.576469e-07   1.975472e-07
8340   2.032777e+00   1.791973e-07   1.589404e-07   1.860406e-07
8350   2.035219e+00   1.871076e-07   1.582887e-07   1.727045e-07
8360   2.037660e+00   1.962996e-07   1.557405e-07   1.579120e-07
8370   2.040102e+00   2.049413e-07   1.513733e-07   1.421112e-07
8380   2.042543e+00   2.124073e-07   1.452961e-07   1.258498e-07
8390   2.044984e+00   2.182802e-07   1.376449e-07   1.098782e-07
8400   2.047426e+00   2.221303e-07   1.285996e-07   9.500429e-08
8410   2.049867e+00   2.237850e-07   1.184059e-07   8.187502e-08
8420   2.052309e+00   2.232902e-07   1.074273e-07   7.188817e-08
8430   2.054750e+00   2.208903e-07   9.606270e-08   6.612732e-08
8440   2.057191e+00   2.169851e-07   8.466782e-08   6.580063e-08
8450   2.059633e+00   2.124130e-07   7.374119e-08   7.075089e-08
8460   2.062074e+00   2.083035e-07   6.393689e-08   7.893030e-08
8470   2.064516e+00   2.046517e-07   5.612622e-08   8.847812e-08
8480   2.066957e+00   2.012098e-07   5.126988e-08   9.839391e-08
8490   2.069399e+00   1.974712e-07   4.983417e-08   1.081531e-07
8500   2.071840e+00   1.929311e-07   5.133802e-08   1.173286e-07
8510   2.074281e+00   1.872294e-07   5.523689e-08   1.254860e-07
8520   2.076723e+00   1.802065e-07   6.205767e-08   1.322274e-07
8530   2.079164e+00   1.718952e-07   7.007712e-08   1.372698e-07
8540   2.081606e+00   1.627337e-07   7.786077e-08   1.404746e-07
8550   2.084047e+00   1.530464e-07   8.492552e-08   1.418104e-07
8560   2.086488e+00   1.428259e-07   9.101569e-08   1.413063e-07
8570   2.088930e+00   1.322291e-07   9.596872e-08   1.390280e-07
8580   2.091371e+00   1.221190e-07   9.968429e-08   1.350720e-07
8590   2.093813e+00   1.151571e-07   1.021063e-07   1.295638e-07
8600   2.096254e+00   1.147018e-07   1.032175e-07   1.226578e-07
8610   2.098695e+00   1.189647e-07   1.030302e-07   1.145384e-07
8620   2.101137e+00   1.248050e-07   1.015836e-07   1.054244e-07
8630   2.103578e+00   1.306027e-07   9.893746e-08   9.557637e-08
8640   2.106020e+00   1.357655e-07   9.517170e-08   8.530928e-08
8650   2.108461e+00   1.400038e-07   9.038169e-08   7.502903e-08
8660   2.110902e+00   1.429984e-07   8.468549e-08   6.527228e-08
8670   2.113344e+00   1.445914e-07   7.823585e-08   5.641302e-08
8680   2.115785e+00   1.447612e-07   7.125309e-08   4.916015e-08
8690   2.118227e+00   1.436223e-07   6.400623e-08   4.433286e-08
8700   2.120668e+00   1.413867e-07   5.670213e-08   4.266125e-08
8710   2.123109e+00   1.384362e-07   4.962217e-08   4.456360e-08
8720   2.125551e+00   1.356208e-07   4.313804e-08   4.912318e-08
8730   2.127992e+00   1.331557e-07   3.774406e-08   5.498295e-08
8740   2.130434e+00   1.309117e-07   3.405371e-08   6.131485e-08
8750   2.132875e+00   1.285948e-07   3.251040e-08   6.770989e-08
8760   2.135316e+00   1.258643e-07   3.296790e-08   7.387935e-08
8770   2.137758e+00   1.224477e-07   3.494059e-08   7.951677e-08
8780   2.140199e+00   1.182001e-07   3.856324e-08   8.432260e-08
8790   2.142641e+00   1.131017e-07   4.348280e-08   8.806935e-08
8800   2.145082e+00   1.073163e-07   4.849474e-08   9.063123e-08
8810   2.147524e+00   1.011994e-07   5.315976e-08   9.196375e-08
8820   2.149965e+00   9.472570e-08   5.728479e-08   9.207066e-08
8830   2.152406e+00   8.794893e-08   6.074712e-08   9.098435e-08
8840   2.154848e+00   8.119975e-08   6.346472e-08   8.875989e-08
8850   2.157289e+00   7.570801e-08   6.538589e-08   8.547347e-08
8860   2.159731e+00   7.397174e-08   6.648387e-08   8.122172e-08
8870   2.162172e+00   7.603686e-08   6.675144e-08   7.612212e-08
8880   2.164613e+00   7.967932e-08   6.619920e-08   7.031456e-08
8890   2.167055e+00   8.351404e-08   6.485271e-08   6.396539e-08
8900   2.169496e+00   8.699799e-08   6.275024e-08   5.727473e-08
8910   2.171938e+00   8.994225e-08   5.994305e-08   5.048939e-08
8920   2.174379e+00   9.214036e-08   5.649594e-08   4.395421e-08
8930   2.176820e+00   9.345554e-08   5.249433e-08   3.796133e-08
8940   2.179262e+00   9.384576e-08   4.805778e-08   3.285745e-08
8950   2.181703e+00   9.336151e-08   4.336036e-08   2.922513e-08
8960   2.184145e+00   9.212496e-08   3.855513e-08   2.751327e-08
8970   2.186586e+00   9.033294e-08   3.381154e-08   2.814377e-08
8980   2.189027e+00   8.844545e-08   2.935894e-08   3.074244e-08
8990   2.191469e+00   8.678487e-08   2.549932e-08   3.439701e-08
9000   2.193910e+00   8.530423e-08   2.262560e-08   3.845579e-08
9010   2.196352e+00   8.385198e-08   2.110513e-08   4.258956e-08
9020   2.198793e+00   8.220163e-08   2.098898e-08   4.660796e-08
9030   2.201234e+00   8.015391e-08   2.198878e-08   5.033385e-08
9040   2.203676e+00   7.758619e-08   2.404130e-08   5.358275e-08
9050   2.206117e+00   7.445808e-08   2.717007e-08   5.619725e-08
9060   2.208559e+00   7.081664e-08   3.051256e-08   5.807714e-08
9070   2.211000e+00   6.690920e-08   3.366542e-08   5.917968e-08
9080   2.213441e+00   6.276941e-08   3.647565e-08   5.950039e-08
9090   2.215883e+00   5.841936e-08   3.885459e-08   5.905553e-08
9100   2.218324e+00   5.397797e-08   4.074530e-08   5.787567e-08
9110   2.220766e+00   4.999459e-08   4.211322e-08   5.600416e-08
9120   2.223207e+00   4.790313e-08   4.294152e-08   5.349679e-08
9130   2.225649e+00   4.854913e-08   4.322711e-08   5.042183e-08
9140   2.228090e+00   5.067766e-08   4.297880e-08   4.686103e-08
9150   2.230531e+00   5.317089e-08   4.221520e-08   4.291157e-08
9160   2.232973e+00   5.553043e-08   4.096321e-08   3.869019e-08
9170   2.235414e+00   5.758076e-08   3.925676e-08   3.433925e-08
9180   2.237856e+00   5.919568e-08   3.713757e-08   3.005570e-08
9190   2.240297e+00   6.026038e-08   3.465707e-08   2.605008e-08
9200   2.242738e+00   6.072791e-08   3.188494e-08   2.249053e-08
9210   2.245180e+00   6.060833e-08   2.892504e-08   1.975105e-08
9220   2.247621e+00   5.996504e-08   2.587724e-08   1.812895e-08
9230   2.250063e+00   5.890393e-08   2.283527e-08   1.794647e-08
9240   2.252504e+00   5.764581e-08   1.992830e-08   1.920370e-08
9250   2.254945e+00   5.652108e-08   1.732722e-08   2.137157e-08
9260   2.257387e+00   5.552335e-08   1.526101e-08   2.393812e-08
9270   2.259828e+00   5.458436e-08   1.398375e-08   2.662849e-08
9280   2.262270e+00   5.356665e-08   1.361548e-08   2.929895e-08
9290   2.264711e+00   5.233428e-08   1.402176e-08   3.182723e-08
9300   2.267152e+00   5.078958e-08   1.504420e-08   3.408386e-08
9310   2.269594e+00   4.888919e-08   1.681209e-08   3.595228e-08
9320   2.272035e+00   4.664160e-08   1.893689e-08   3.735306e-08
9330   2.274477e+00   4.416634e-08   2.101493e-08   3.824717e-08
9340   2.276918e+00   4.155047e-08   2.291443e-08   3.862503e-08
9350   2.279359e+00   3.879137e-08   2.456562e-08   3.849356e-08
9360   2.281801e+00   3.592738e-08   2.592260e-08   3.787028e-08
9370   2.284242e+00   3.318870e-08   2.695516e-08   3.678176e-08
9380   2.286684e+00   3.129538e-08   2.764553e-08   3.526315e-08
9390   2.289125e+00   3.118562e-08   2.798535e-08   3.335794e-08
9400   2.291566e+00   3.236215e-08   2.797485e-08   3.111834e-08
9410   2.294008e+00   3.395503e-08   2.762127e-08   2.860625e-08
9420   2.296449e+00   3.552556e-08   2.693789e-08   2.589529e-08
9430   2.298891e+00   3.691690e-08   2.594356e-08   2.307436e-08
9440   2.301332e+00   3.805678e-08   2.466224e-08   2.025663e-08
9450   2.303774e+00   3.885887e-08   2.312456e-08   1.759163e-08
9460   2.306215e+00   3.928117e-08   2.137108e-08   1.518559e-08
9470   2.308656e+00   3.931962e-08   1.946001e-08   1.323266e-08
9480   2.311098e+00   3.900590e-08   1.746743e-08   1.194944e-08
9490   2.313539e+00   3.839936e-08   1.545378e-08   1.154064e-08
9500   2.315981e+00   3.760380e-08   1.349806e-08   1.210497e-08
9510   2.318422e+00   3.684592e-08   1.170593e-08   1.337234e-08
9520   2.320863e+00   3.618011e-08   1.021563e-08   1.497619e-08
9530   2.323305e+00   3.557391e-08   9.197623e-09   1.669540e-08
9540   2.325746e+00   3.494688e-08   8.774316e-09   1.841966e-08
9550   2.328188e+00   3.420539e-08   8.905310e-09   2.007454e-08
9560   2.330629e+00   3.327503e-08   9.461696e-09   2.158306e-08
9570   2.333070e+00   3.211678e-08   1.049274e-08   2.286854e-08
9580   2.335512e+00   3.072551e-08   1.185954e-08   2.387115e-08
9590   2.337953e+00   2.914579e-08   1.323620e-08   2.455709e-08
9600   2.340395e+00   2.747506e-08   1.450833e-08   2.491437e-08
9610   2.342836e+00   2.570799e-08   1.562445e-08   2.494421e-08
9620   2.345277e+00   2.385934e-08   1.655285e-08   2.465528e-08
9630   2.347719e+00   2.202138e-08   1.727318e-08   2.406204e-08
9640   2.350160e+00   2.053310e-08   1.777351e-08   2.318436e-08
9650   2.352602e+00   2.006348e-08   1.804852e-08   2.204738e-08
9660   2.355043e+00   2.061659e-08   1.809835e-08   2.068167e-08
9670   2.357484e+00   2.160282e-08   1.792756e-08   1.912377e-08
9680   2.359926e+00   2.264702e-08   1.754471e-08   1.741724e-08
9690   2.362367e+00   2.359916e-08   1.696157e-08   1.561467e-08
9700   2.364809e+00   2.440551e-08   1.619281e-08   1.378142e-08
9710   2.367250e+00   2.500920e-08   1.525672e-08   1.201055e-08
9720   2.369691e+00   2.537268e-08   1.417635e-08   1.037824e-08
9730   2.372133e+00   2.548363e-08   1.298445e-08   8.978340e-09
9740   2.374574e+00   2.535517e-08   1.172788e-08   7.974173e-09
9750   2.377016e+00   2.501964e-08   1.044403e-08   7.486382e-09
9760   2.379457e+00   2.453064e-08   9.177326e-09   7.633462e-09
9770   2.381899e+00   2.401351e-08   7.987758e-09   8.325280e-09
9780   2.384340e+00   2.355953e-08   6.954432e-09   9.314057e-09
9790   2.386781e+00   2.315420e-08   6.181309e-09   1.041994e-08
9800   2.389223e+00   2.275720e-08   5.767165e-09   1.155246e-08
9810   2.391664e+00   2.230771e-08   5.727095e-09   1.265762e-08
9820   2.394106e+00   2.175209e-08   5.984538e-09   1.368388e-08
9830   2.396547e+00   2.105678e-08   6.514473e-09   1.457791e-08
9840   2.398988e+00   2.021078e-08   7.342628e-09   1.529585e-08
9850   2.401430e+00   1.922674e-08   8.241514e-09   1.581066e-08
9860   2.403871e+00   1.817176e-08   9.095685e-09   1.611097e-08
9870   2.406313e+00   1.705251e-08   9.862454e-09   1.619572e-08
9880   2.408754e+00   1.587597e-08   1.051645e-08   1.606959e-08
9890   2.411195e+00   1.467379e-08   1.104094e-08   1.574131e-08
9900   2.413637e+00   1.359352e-08   1.142531e-08   1.522325e-08
9910   2.416078e+00   1.302345e-08   1.166359e-08   1.453128e-08
9920   2.418520e+00   1.320352e-08   1.175391e-08   1.368477e-08
9930   2.420961e+00   1.378403e-08   1.169765e-08   1.270678e-08
9940   2.423402e+00   1.445946e-08   1.149901e-08   1.162461e-08
9950   2.425844e+00   1.509633e-08   1.116466e-08   1.047088e-08
9960   2.428285e+00   1.564905e-08   1.070344e-08   9.285157e-09
9970   2.430727e+00   1.608327e-08   1.012650e-08   8.120872e-09
9980   2.433168e+00   1.636836e-08   9.448004e-09   7.036701e-09
9990   2.435609e+00   1.649212e-08   8.687090e-09   6.078493e-09
10000   2.438051e+00   1.645778e-08   7.871983e-09   5.345843e-09
10010   2.440492e+00   1.628268e-08   7.032189e-09   4.917429e-09
10020   2.442934e+00   1.599555e-08   6.194262e-09   4.881171e-09
10030   2.445375e+00   1.565584e-08   5.394425e-09   5.231321e-09
10040   2.447816e+00   1.535212e-08   4.680774e-09   5.822232e-09
10050   2.450258e+00   1.508296e-08   4.116725e-09   6.517097e-09
10060   2.452699e+00   1.482932e-08   3.772229e-09   7.242339e-09
10070   2.455141e+00   1.455323e-08   3.678749e-09   7.959930e-09
10080   2.457582e+00   1.421761e-08   3.798058e-09   8.638506e-09
10090   2.460024e+00   1.379610e-08   4.089333e-09   9.244868e-09
10100   2.462465e+00   1.327715e-08   4.582543e-09   9.748137e-09
10110   2.464906e+00   1.266331e-08   5.163728e-09   1.012655e-08
10120   2.467348e+00   1.198703e-08   5.727859e-09   1.036930e-08
10130   2.469789e+00   1.127330e-08   6.240423e-09   1.047354e-08
10140   2.472231e+00   1.052158e-08   6.683321e-09   1.044096e-08
10150   2.474672e+00   9.741740e-09   7.044945e-09   1.027601e-08
10160   2.477113e+00   8.997540e-09   7.317946e-09   9.985534e-09
10160 2.477113e+00 8.997540e-09 7.317946e-09 9.985534e-09
